50
328 879
45 149
302 719
552 677
593 672
674 998
395 595
423 563
9 225
505 511
779 953
579 650
57 605
250 710
358 789
215 589
368 369
728 787
93 803
470 697
694 716
795 901
822 840
956 984
90 120
346 533
269 982
852 944
899 916
109 488
822 901
911 952
988 998
505 574
1000 1000
428 616
538 917
981 992
555 941
8 439
574 703
405 956
330 677
151 196
146 400
133 284
634 883
868 952
423 987
471 560
827 829 564 396 27 636 234 949 130 814 113 632 203 231 100 977 827 340 943 325 971 518 813 718 368 369 116 548 996 688 896 42 821 494 605 328 840 442 512 439 751 633 511 734 78 933 456 666 209 777
52 312 274 391 781 794 926 61 249 794 413 592 882 65 928 915 456 433 230 200 741 738 453 181 142 972 471 73 492 798 526 463 317 809 659 394 962 59 118 574 454 795 153 889 998 308 944 297 660 977
854 937 745 808 424 199 514 426 862 534 387 19 836 499 464 620 757 46 787 223 554 113 752 119 366 377 14 132 16 322 880 684 1 46 857 553 199 8 756 584 630 139 735 462 794 487 680 262 715 692
728 467 954 415 112 201 153 880 753 340 804 858 729 351 740 60 424 581 617 620 661 913 986 438 224 736 709 249 502 683 402 94 571 25 851 747 798 154 240 129 632 97 747 369 891 732 377 901 11 432
484 760 483 706 857 162 310 769 515 935 623 164 500 117 35 950 737 636 774 342 107 573 621 308 876 832 558 219 967 217 129 107 241 445 437 538 566 185 630 549 197 266 752 220 161 604 174 852 719 626
386 683 321 273 543 260 695 362 170 974 379 315 560 189 877 528 652 16 85 364 288 140 577 950 666 862 661 355 909 791 614 739 655 173 695 801 371 209 714 239 562 388 766 623 942 551 676 923 21 664
29 587 238 43 908 79 449 593 629 152 563 505 21 656 866 800 51 20 417 564 22 73 829 952 688 418 85 841 206 530 772 226 518 887 436 799 765 579 260 44 693 417 151 460 246 958 292 266 682 416
394 751 358 423 509 720 863 951 658 330 782 508 522 601 250 415 799 591 388 801 254 583 434 861 219 837 851 337 23 251 340 95 850 56 800 730 600 809 854 756 905 392 432 524 653 99 842 821 896 304
419 488 765 367 47 838 452 133 227 704 473 798 694 835 129 487 618 956 195 937 259 471 871 661 9 569 77 871 449 927 992 656 958 575 522 808 753 966 228 21 999 338 656 883 766 447 231 378 360 751
216 270 859 676 335 48 284 587 650 686 970 393 58 294 235 600 666 456 342 595 133 66 44 192 556 528 442 920 281 503 865 770 600 380 848 348 711 275 665 175 348 573 29 247 142 145 691 883 254 86
380 670 374 237 195 280 833 788 955 872 731 132 70 775 153 700 816 946 908 756 934 556 837 543 418 806 617 492 685 840 727 92 253 328 325 759 201 783 809 487 665 111 40 390 747 816 956 318 210 773
252 282 929 128 240 965 932 105 112 186 298 628 700 321 854 924 25 600 360 65 752 866 400 86 686 863 90 858 142 405 606 477 680 742 896 647 961 444 914 341 990 299 832 636 527 458 96 420 976 500
271 38 960 443 969 37 16 962 19 442 780 291 182 109 871 658 186 277 997 851 370 65 626 803 651 321 99 993 974 674 721 401 123 675 314 181 829 792 654 432 391 357 941 538 102 512 428 754 109 221
401 981 401 237 945 121 498 541 878 232 565 198 313 26 743 964 21 512 522 697 452 495 682 398 818 726 729 377 218 905 104 798 720 213 822 634 947 156 655 445 564 918 275 352 350 764 909 344 206 843
753 852 303 644 816 890 287 817 884 433 816 247 565 116 916 840 396 958 161 9 811 87 863 63 947 422 926 850 576 126 418 250 397 897 516 419 266 937 755 540 870 720 991 590 422 107 297 68 715 984
847 892 620 366 759 25 344 843 866 310 951 360 776 469 743 532 734 109 807 425 671 352 91 589 491 432 112 771 36 703 297 801 1000 219 278 86 307 585 791 970 894 87 262 454 507 121 443 368 592 659
573 63 221 250 758 729 974 728 941 758 168 287 98 257 128 583 318 464 783 990 660 307 960 907 935 447 49 57 635 481 260 9 886 643 511 800 574 509 117 750 673 204 420 527 16 101 346 651 302 438
390 758 196 456 850 985 1000 853 413 601 943 771 844 126 21 939 860 665 789 678 220 696 400 577 10 697 491 816 424 152 852 773 165 170 219 340 450 33 813 97 27 179 672 119 305 518 957 661 992 859
770 742 343 595 3 211 396 130 440 585 768 646 368 440 58 33 965 636 951 865 999 810 956 919 81 157 377 219 389 617 858 637 67 157 404 213 274 17 287 182 625 905 878 530 942 266 806 830 767 127
891 58 275 59 204 795 149 241 930 306 696 281 494 135 648 613 861 807 322 954 514 959 319 113 794 780 859 142 55 718 546 143 82 150 452 454 789 44 358 547 365 822 923 610 463 208 481 503 337 541
252 992 988 442 710 740 382 705 109 953 822 988 211 788 248 784 182 770 569 320 121 80 46 793 394 692 661 836 917 365 632 615 439 756 903 480 576 386 256 616 600 395 260 760 640 220 633 778 703 503
528 984 799 279 710 540 315 219 756 906 999 85 801 524 840 710 583 987 121 89 297 184 875 885 431 38 852 528 314 791 403 616 249 475 297 177 329 505 945 8 808 470 156 253 931 530 614 718 180 361
157 49 973 154 673 856 619 145 184 678 75 467 611 710 993 371 233 741 699 213 979 902 592 885 450 144 714 214 998 632 759 676 917 861 579 192 119 759 238 58 60 500 699 221 314 710 475 910 878 958
206 354 493 232 42 645 624 502 767 432 359 976 431 960 945 565 14 206 425 864 937 86 896 442 721 242 530 852 112 531 571 291 755 233 925 389 435 764 957 499 946 956 408 737 7 154 186 211 582 803
249 464 693 47 526 615 639 50 614 453 841 1000 707 534 780 77 755 828 876 881 426 304 874 486 810 975 525 448 501 303 471 420 886 53 217 567 714 278 258 183 751 863 683 819 593 740 843 984 347 676
746 293 962 658 19 616 598 951 971 735 291 269 831 200 815 442 359 345 265 183 722 595 367 520 975 434 371 106 145 32 261 130 937 779 623 722 967 865 979 549 499 158 990 491 112 420 422 481 143 994
84 285 391 989 432 790 375 485 954 748 474 307 779 22 672 521 750 534 828 700 888 733 342 32 261 790 940 558 218 308 588 937 612 258 281 254 622 491 693 587 764 545 577 371 423 908 591 793 751 130
29 913 212 271 372 964 991 814 747 42 841 785 854 781 569 294 988 27 288 575 517 665 179 678 878 669 672 372 697 969 150 408 693 773 984 745 859 884 19 169 239 764 479 691 863 732 537 700 380 769
855 247 399 356 35 135 365 806 33 144 404 299 638 500 296 932 71 387 668 70 151 318 299 968 711 476 102 442 3 348 724 555 334 450 12 125 375 158 49 49 289 374 988 419 111 911 71 173 923 498
78 719 183 704 389 551 690 224 456 32 376 605 643 60 466 688 790 664 49 574 588 96 618 891 884 520 251 323 319 496 27 711 115 763 494 178 36 441 362 887 45 352 735 71 218 274 593 888 280 82
764 347 872 652 855 298 566 740 491 195 139 410 467 988 676 176 291 752 219 693 995 339 66 127 198 676 259 597 282 47 915 89 448 535 716 80 45 46 912 493 822 888 565 799 434 425 908 487 989 691
73 928 426 182 27 522 155 360 844 330 877 271 642 688 382 936 577 258 647 872 59 285 622 30 603 999 114 577 95 762 39 649 734 341 175 866 120 373 276 470 214 983 130 210 618 891 658 670 692 367
273 286 844 839 575 307 984 333 893 374 254 499 222 804 542 857 578 669 221 498 105 705 613 221 815 643 363 644 76 206 586 604 546 381 857 629 761 127 400 302 37 942 397 873 237 274 555 743 327 501
99 836 264 279 825 226 31 932 347 715 774 890 612 984 692 555 369 643 831 503 373 507 947 857 877 677 822 122 564 174 774 452 750 722 72 126 880 316 434 935 312 539 223 248 682 672 419 374 916 969
171 811 770 521 492 192 750 74 743 771 636 836 288 689 379 801 785 916 695 623 170 980 618 81 794 698 110 404 167 897 865 339 635 938 928 99 593 811 171 160 370 32 525 324 825 941 868 103 215 166
588 136 663 305 490 704 713 359 837 28 890 766 842 442 241 818 900 867 599 232 32 447 181 891 242 983 291 227 517 398 318 641 734 594 127 41 308 156 324 551 518 313 353 339 357 230 941 932 544 234
1 282 318 778 80 150 710 799 845 901 246 419 335 97 491 674 478 588 57 373 394 499 766 154 763 414 188 849 423 490 717 408 702 784 723 842 303 257 524 619 605 565 272 489 350 586 257 813 374 57
813 912 561 302 290 263 661 220 659 13 235 880 425 143 946 181 182 358 193 777 709 718 843 12 883 746 269 303 944 313 453 642 973 829 732 245 335 804 83 775 48 442 151 136 178 180 581 326 546 834
692 458 949 917 431 864 675 446 305 650 661 296 497 698 796 894 442 215 425 412 612 912 925 364 933 287 889 360 867 918 207 321 977 263 980 807 943 184 739 119 11 893 714 133 818 673 433 671 909 671
216 677 184 374 997 605 119 167 270 894 626 75 128 629 2 341 231 843 329 691 626 113 705 536 708 204 923 176 701 631 264 132 948 686 63 55 719 452 544 451 846 45 56 202 165 1 785 268 232 730
491 271 265 449 285 417 270 551 830 875 317 931 718 192 128 454 107 149 117 99 169 151 955 160 604 397 7 39 368 1000 650 634 664 810 821 740 807 558 375 492 435 444 777 404 602 932 723 832 914 963
630 442 955 240 992 195 8 273 132 229 486 31 808 91 705 230 26 333 405 530 493 91 470 251 149 119 987 537 590 556 162 317 86 848 365 673 867 622 101 104 34 245 86 426 438 478 907 921 863 906
718 903 946 274 214 727 48 837 72 954 303 686 980 345 682 256 124 663 728 801 197 625 276 571 237 569 872 177 387 525 475 646 750 734 739 83 904 767 120 574 287 292 960 149 312 423 116 959 299 680
802 501 864 375 197 678 201 67 982 282 170 740 813 217 258 44 963 455 272 44 886 823 388 760 118 19 426 876 308 659 949 904 396 7 492 529 34 713 315 234 45 383 525 514 312 145 422 29 453 219
20 880 388 675 437 242 997 299 235 693 31 638 797 981 818 234 41 404 722 92 16 482 670 785 796 549 586 840 40 677 263 656 148 573 223 974 944 572 886 4 197 183 977 456 129 808 138 368 555 622
727 64 259 631 875 13 292 473 580 768 325 398 365 471 68 679 150 330 640 942 350 536 562 544 576 896 311 525 27 815 470 263 987 331 440 750 828 529 905 627 668 15 568 750 407 886 495 811 718 774
245 905 386 890 780 378 212 836 620 598 365 401 649 530 790 473 154 440 854 438 108 155 262 86 669 966 256 595 442 573 220 106 8 282 849 442 555 731 715 407 834 408 48 675 886 582 943 723 159 180
549 133 972 259 498 972 776 698 642 58 5 143 47 928 950 562 59 357 74 123 911 812 887 287 344 275 547 191 106 528 9 530 399 254 913 63 537 871 655 604 923 784 23 432 137 269 173 8 802 314
655 635 856 139 923 262 709 634 131 774 451 554 773 570 319 549 117 550 278 14 438 703 912 30 43 173 909 373 166 970 214 555 322 731 849 409 558 295 344 84 158 636 77 468 141 599 235 796 745 897
206 803 928 953 708 981 468 713 518 696 138 703 135 856 761 140 818 608 840 546 325 786 956 452 850 32 891 759 650 334 574 160 976 982 373 519 572 993 10 553 667 282 255 659 213 598 957 699 424 168
