100
818 925
690 737
921 978
703 718
293 722
997 999
923 960
8 974
98 216
289 996
659 777
586 963
156 682
782 850
694 884
449 991
693 759
272 623
352 880
256 417
918 975
855 861
55 972
39 237
598 923
451 939
496 966
832 1000
873 889
532 883
671 851
839 871
764 953
394 535
580 876
456 994
609 886
483 901
130 348
926 982
797 956
398 917
605 939
828 947
95 728
21 473
928 961
563 737
526 610
534 866
712 812
435 721
870 886
578 942
458 707
444 484
450 862
435 897
920 970
692 747
238 469
730 967
563 912
596 617
324 836
555 920
672 707
28 142
929 959
753 830
782 996
305 610
106 513
170 864
283 368
627 931
851 862
979 997
555 745
318 875
977 992
779 886
825 905
47 431
259 871
378 797
189 210
765 896
956 958
773 857
947 955
959 998
808 998
492 547
105 234
567 869
821 885
646 969
386 698
772 787
133 939 606 736 250 612 912 546 110 424 694 657 752 781 56 338 199 447 681 562 998 283 917 964 566 831 849 532 572 130 342 374 653 57 780 680 102 684 798 300 228 967 121 516 781 154 496 457 674 968 544 363 952 83 36 919 601 384 430 922 91 207 757 775 375 179 149 514 444 785 878 650 240 307 650 273 933 444 518 463 715 502 1000 67 854 896 908 268 393 57 309 787 11 868 125 790 649 403 976 200
763 484 180 762 34 283 664 847 633 128 569 549 244 758 512 632 966 653 142 885 959 307 562 756 508 716 765 723 878 323 935 524 673 210 389 743 440 955 721 215 878 191 620 35 74 884 45 434 947 35 498 130 35 624 772 557 42 785 60 836 802 42 489 751 782 652 299 973 752 386 405 195 768 895 399 777 919 638 998 499 85 910 154 573 17 608 750 650 167 154 3 410 425 989 908 202 310 994 371 996
84 380 202 909 1 853 764 554 533 325 273 500 632 498 356 560 960 617 33 500 181 389 501 544 259 480 728 329 651 368 148 679 397 132 56 523 63 988 527 989 741 496 495 586 899 669 502 508 905 104 874 110 686 824 922 941 540 843 990 210 152 844 902 489 33 563 134 906 754 303 991 939 49 731 672 322 308 166 873 512 40 235 193 348 314 71 744 966 111 834 729 122 537 40 947 51 260 830 795 954
686 660 764 332 935 189 156 576 231 381 397 808 186 824 141 756 660 161 184 953 373 454 259 268 932 246 271 26 837 193 915 709 257 886 630 902 340 271 997 843 654 922 90 744 303 857 189 10 320 91 59 982 395 604 790 483 313 519 802 791 869 865 864 50 638 366 698 334 632 994 893 556 979 697 950 871 598 691 972 573 871 304 999 767 307 654 757 144 84 177 97 476 809 831 810 446 679 822 58 697
476 376 740 505 634 117 6 145 988 547 520 502 358 945 311 893 861 140 766 309 623 942 36 151 798 934 805 377 660 658 910 860 505 194 234 217 258 289 758 198 484 525 400 115 381 861 615 744 927 464 147 109 287 779 598 89 269 593 214 821 33 246 496 132 995 498 468 459 823 746 812 896 66 776 6 738 714 850 554 696 555 500 957 425 700 975 951 471 439 116 487 694 739 120 860 18 719 468 855 548
769 668 477 762 264 474 863 343 385 854 243 990 884 123 284 422 944 370 30 699 39 729 84 833 540 680 966 417 356 603 742 650 124 882 396 644 160 454 869 834 603 57 970 724 116 553 532 159 942 265 659 628 801 21 86 382 804 827 125 218 752 491 45 122 626 138 10 641 474 867 99 72 525 343 225 965 503 858 573 61 566 735 588 830 904 404 48 558 340 255 11 221 508 170 626 49 113 425 850 952
262 765 21 176 571 951 120 837 315 987 967 694 815 217 291 747 757 304 481 860 169 563 861 874 498 256 761 565 86 281 702 225 923 398 646 238 971 724 629 720 993 867 802 662 927 560 382 663 936 675 390 453 974 430 423 136 664 865 845 839 811 520 238 892 852 926 645 556 719 705 783 857 663 394 553 144 903 580 14 498 184 557 983 247 894 491 905 321 765 632 872 614 687 806 308 766 811 508 797 681
803 786 686 147 835 243 509 549 54 421 22 571 146 56 494 884 220 886 997 859 254 352 759 561 554 214 92 744 323 292 608 345 400 664 593 297 800 162 614 760 958 771 298 862 927 357 867 695 98 934 971 96 889 52 624 239 78 858 471 298 326 377 349 845 268 690 328 709 139 989 77 64 693 204 178 840 138 343 787 315 574 715 228 980 862 701 557 936 223 329 260 992 81 299 369 349 12 976 104 750
944 570 584 872 494 936 884 348 100 941 959 248 125 871 643 659 893 773 535 369 932 232 935 430 149 168 924 269 119 341 515 201 67 596 866 539 571 249 109 763 128 600 326 642 537 594 864 372 361 385 103 335 972 438 513 631 491 706 192 733 129 512 935 798 174 657 125 472 571 990 655 41 262 803 369 770 341 137 754 73 890 932 136 682 77 973 908 909 743 177 164 807 463 801 834 575 906 688 263 646
709 243 433 255 560 84 204 6 868 493 402 267 315 730 765 86 231 796 93 572 396 459 963 237 570 794 280 623 471 74 594 535 884 770 624 895 1000 358 531 93 170 172 214 491 368 706 444 234 482 887 865 862 246 970 261 485 131 868 869 983 215 406 56 917 201 15 84 769 9 484 430 284 526 853 840 615 398 765 17 477 846 187 409 158 840 993 193 523 152 969 753 190 494 426 955 840 281 950 395 435
790 211 432 784 759 441 12 818 624 18 451 225 643 950 608 744 862 403 732 510 316 838 629 285 48 507 943 222 19 233 362 647 483 855 331 1000 416 775 988 124 29 491 74 513 195 292 820 334 37 716 891 58 659 834 752 325 607 716 532 248 482 633 918 670 122 532 678 995 31 83 236 606 899 701 773 299 356 82 462 256 162 734 525 841 393 181 837 27 587 50 923 116 864 451 562 221 793 722 710 1000
516 586 358 978 190 129 310 933 861 758 703 455 567 151 820 701 573 686 765 467 200 145 157 269 908 273 274 657 362 381 73 508 543 178 28 549 622 84 360 276 960 564 271 8 441 204 336 598 671 874 860 990 849 792 168 649 703 782 980 351 993 727 265 558 66 837 38 750 660 681 101 371 79 296 419 922 40 662 938 788 944 759 372 490 31 280 160 185 851 748 604 459 877 314 762 556 250 179 214 313
945 21 242 600 674 415 261 377 24 192 852 201 376 821 260 572 304 649 337 885 722 49 398 66 472 162 578 502 801 771 687 844 950 969 640 448 905 886 776 601 139 418 877 174 820 198 452 607 988 418 280 156 559 684 401 115 878 715 428 436 824 413 322 907 926 512 158 683 467 795 526 617 447 362 808 183 392 937 483 275 300 548 673 659 912 896 103 872 630 585 298 926 979 932 754 230 959 894 873 488
516 691 837 852 225 729 570 917 101 375 579 437 108 963 361 712 527 808 750 305 636 838 70 137 409 294 526 610 228 530 62 715 799 976 51 996 942 523 385 736 611 859 455 246 28 17 164 902 544 151 243 233 197 791 48 577 429 812 303 744 396 45 781 844 611 543 910 27 166 184 399 450 775 649 507 603 753 715 242 246 838 758 350 587 334 433 830 388 782 455 414 49 934 610 965 561 363 421 399 612
501 988 878 170 132 52 627 669 900 119 321 274 187 687 494 238 663 700 59 653 806 555 260 912 219 909 916 939 86 952 458 74 782 676 490 63 896 292 4 501 761 199 857 974 514 107 927 478 892 415 655 851 399 592 979 248 7 467 560 540 439 281 502 538 624 280 626 894 569 143 762 126 263 123 200 704 537 843 243 921 67 207 369 156 421 359 146 897 362 64 260 599 27 133 729 744 132 512 223 690
828 268 706 343 111 696 334 114 990 309 217 321 100 521 294 177 126 744 313 866 759 632 750 675 785 285 600 788 887 400 331 799 491 718 19 924 503 139 487 216 193 159 983 515 268 518 517 298 114 847 113 985 588 812 699 780 465 882 321 732 772 283 305 938 954 647 255 330 991 561 657 580 223 21 161 898 800 480 299 331 31 827 536 797 394 455 136 688 625 138 310 909 609 248 308 979 284 426 722 592
444 788 141 131 569 878 278 937 627 83 612 615 413 217 818 585 316 421 777 665 902 840 735 215 110 104 813 748 76 84 582 224 554 305 657 90 207 25 512 323 382 646 168 328 554 622 159 972 558 412 692 928 253 946 75 616 386 120 83 375 428 434 606 731 792 685 586 164 937 868 152 393 60 989 826 258 635 687 131 235 187 600 892 578 864 102 91 523 260 730 79 880 45 711 326 330 767 271 252 954
942 617 113 312 582 819 2 31 945 562 215 687 193 647 210 669 86 252 820 803 298 112 475 206 241 383 176 314 592 111 157 189 754 438 372 533 953 175 725 522 97 599 95 571 831 7 68 248 265 803 834 300 131 976 579 350 746 985 565 686 780 154 216 935 11 653 769 66 181 446 694 789 702 869 337 885 741 241 748 272 435 929 345 554 153 331 328 341 840 682 672 18 564 944 749 144 603 23 293 927
730 704 152 222 403 992 60 373 598 151 123 164 569 178 645 930 685 943 228 981 67 658 16 562 760 952 455 185 969 336 659 954 341 780 56 707 630 593 18 295 352 977 128 868 230 274 929 413 290 926 893 961 954 188 140 265 602 168 904 33 318 503 712 37 902 102 43 756 755 429 480 732 65 706 529 262 654 427 530 545 751 484 643 178 102 161 54 296 159 252 508 575 62 120 757 628 134 818 242 162
518 24 69 63 103 679 313 681 792 153 83 813 754 512 165 435 192 122 362 206 997 891 323 181 313 58 517 768 792 203 702 98 225 507 980 883 199 91 800 660 289 258 977 510 293 734 642 963 672 446 246 893 601 974 581 638 269 282 774 785 696 172 854 50 708 993 953 514 628 261 813 945 895 673 38 689 240 398 717 140 222 216 901 733 542 798 830 793 542 955 933 206 896 848 833 584 213 697 847 489
822 451 485 852 836 136 417 932 288 449 350 802 29 57 746 833 278 964 756 694 874 175 580 436 61 15 100 359 423 771 396 33 821 333 809 95 565 552 124 139 679 108 366 39 401 535 507 198 522 15 850 247 179 950 843 867 160 132 346 743 659 822 297 550 478 112 988 464 268 309 840 58 659 807 204 61 973 106 546 240 471 838 307 581 942 320 771 702 385 584 219 322 991 139 274 347 904 501 231 322
885 40 517 428 597 940 63 508 271 711 144 122 935 466 238 348 680 632 293 472 396 792 728 950 41 279 539 851 874 398 154 70 709 150 938 758 547 976 591 465 220 71 401 243 769 699 957 491 867 898 384 575 68 239 712 517 662 83 275 600 396 490 289 749 67 751 822 414 477 919 279 501 878 834 798 821 357 428 365 133 653 858 683 957 887 916 273 840 153 655 234 703 122 97 36 829 854 709 540 431
214 332 954 435 837 378 245 675 525 677 764 962 367 855 855 726 461 857 667 729 188 729 344 198 306 493 41 265 301 454 14 266 821 433 39 221 431 498 514 390 766 802 849 786 38 467 8 481 767 495 659 660 764 705 106 443 172 199 219 482 764 190 408 505 722 532 346 337 356 123 535 70 678 392 954 870 48 645 936 152 854 524 739 105 580 6 76 287 104 234 642 300 577 707 253 502 67 614 853 413
316 212 650 549 262 550 681 606 796 957 181 403 190 800 584 591 916 494 203 980 259 350 403 71 922 872 120 472 587 120 933 95 265 599 217 496 871 46 465 849 743 205 998 643 840 940 389 692 267 270 547 142 690 180 658 396 501 851 235 118 343 839 202 379 358 838 642 716 872 816 915 659 604 327 163 609 141 479 255 977 590 910 785 984 6 365 410 299 530 558 84 513 663 891 20 733 244 587 888 551
497 471 659 184 692 717 68 360 350 294 859 83 441 321 819 494 141 205 983 136 345 647 449 762 959 724 605 375 971 887 955 538 116 647 52 121 968 313 944 487 269 837 783 576 339 209 470 951 45 964 755 811 792 416 774 895 500 991 285 975 525 290 63 982 328 723 71 596 583 82 532 209 68 558 507 859 720 374 455 423 127 534 317 44 381 508 230 991 57 856 223 86 774 250 914 259 657 63 552 462
21 398 886 772 906 715 423 352 569 272 851 442 784 916 16 334 841 753 79 233 33 490 998 441 222 218 114 470 766 638 695 100 878 65 31 135 419 319 534 464 515 719 32 604 62 625 174 206 77 34 267 804 430 712 982 506 509 417 483 465 20 634 625 694 162 16 158 634 338 824 263 152 626 811 496 654 58 874 295 519 16 737 156 590 182 49 241 226 825 960 487 628 659 713 822 319 702 624 268 789
996 25 824 478 443 446 435 815 41 354 881 675 199 67 606 82 498 560 6 169 157 784 778 136 176 59 253 285 968 895 573 218 131 26 746 810 612 280 1000 935 721 656 157 610 574 917 91 687 339 662 375 815 864 858 129 678 713 704 465 973 292 631 49 274 499 919 931 616 960 577 242 89 45 422 860 78 435 476 793 303 779 303 723 572 788 461 925 740 817 424 951 79 71 862 318 313 656 5 661 576
904 693 863 287 168 311 992 162 155 168 544 737 126 583 652 777 796 687 556 215 754 116 218 953 233 260 884 46 416 85 556 336 29 372 61 219 374 726 176 129 464 781 516 543 528 879 398 992 212 480 707 816 45 773 428 429 734 302 654 159 177 79 505 802 349 94 640 248 328 959 496 437 41 741 58 246 842 989 131 499 648 81 824 166 482 875 673 458 874 16 98 705 770 753 123 652 15 527 347 123
375 926 808 254 176 346 874 465 102 981 75 837 170 609 268 604 818 351 11 222 429 415 786 801 979 144 39 722 558 581 255 221 367 617 299 390 18 589 521 166 6 763 895 487 317 929 922 3 563 678 367 311 443 406 20 491 42 598 480 809 227 437 531 120 250 502 572 430 543 636 130 450 712 970 223 957 763 11 15 832 981 240 220 498 593 675 352 917 408 796 698 532 806 799 116 715 385 63 6 438
720 440 657 874 541 72 482 614 929 829 406 285 937 452 102 251 228 799 919 745 51 38 882 895 303 404 559 79 9 157 182 254 864 901 448 649 530 526 20 616 198 645 920 631 477 433 369 84 785 560 399 69 589 290 74 307 77 865 448 795 758 881 535 29 947 198 499 780 928 632 348 70 169 589 42 599 396 799 180 202 593 981 56 79 487 322 406 867 762 670 493 564 499 41 605 780 726 82 318 169
891 160 447 732 467 398 196 126 964 922 47 393 968 170 523 346 763 259 152 514 327 604 830 388 993 734 441 685 538 310 420 277 831 206 975 95 733 344 569 970 390 208 504 25 495 964 751 285 338 660 410 646 750 594 872 355 950 452 123 341 919 27 839 232 315 2 711 993 915 8 573 1 436 753 402 635 87 755 677 133 657 576 315 239 750 195 837 563 668 537 633 533 459 937 590 878 552 563 116 782
220 538 648 434 982 828 277 297 374 382 203 424 137 556 554 183 124 759 564 653 99 553 293 36 856 601 878 822 775 997 64 259 889 258 93 164 83 674 847 70 43 335 827 156 778 778 329 146 210 591 819 176 660 718 501 457 996 591 358 386 556 668 182 939 181 874 824 993 859 59 529 713 91 585 613 811 381 61 140 575 998 831 844 496 20 136 428 187 509 372 52 620 74 738 87 601 159 368 598 1
570 529 370 799 978 74 334 111 383 197 378 179 877 611 324 403 4 656 681 192 388 992 24 712 836 134 350 546 995 825 336 988 868 560 751 275 646 890 143 614 113 329 287 363 891 884 145 334 401 554 195 948 350 597 629 423 70 373 971 765 800 688 629 40 365 368 234 147 462 604 806 487 307 359 197 231 491 750 792 84 53 370 829 218 864 171 111 568 413 992 297 339 188 812 712 406 994 579 665 544
255 208 131 917 596 449 828 497 72 822 29 576 109 225 388 185 220 116 599 670 267 131 865 195 826 553 308 126 855 697 279 399 507 386 142 999 169 454 546 792 25 332 956 267 842 125 424 594 195 711 726 460 944 4 984 559 335 548 327 854 179 391 568 268 164 167 131 606 570 365 5 999 99 852 981 868 636 184 336 270 68 581 317 798 861 73 690 899 860 567 948 841 586 152 940 250 442 297 431 904
848 375 938 932 314 133 1000 628 819 792 688 993 71 198 858 600 36 117 959 359 334 747 253 5 205 694 999 291 235 76 657 738 729 998 796 239 672 70 399 645 805 997 803 797 760 200 398 132 444 618 625 174 351 486 28 683 678 805 9 190 972 761 531 999 577 158 838 76 51 441 628 444 920 471 745 480 874 143 486 145 616 93 302 144 243 9 807 687 928 996 825 502 306 286 786 56 790 86 564 379
527 313 224 83 898 266 602 784 749 54 25 876 748 195 566 665 674 104 741 245 732 822 517 90 826 564 148 750 892 744 40 733 257 110 990 74 775 6 635 660 691 695 940 623 316 87 560 186 482 957 259 406 201 861 341 698 929 196 194 395 60 936 595 926 484 560 864 476 482 843 186 482 707 188 514 641 740 193 804 140 206 693 104 913 960 437 490 69 317 86 187 303 943 327 44 661 416 203 407 786
783 729 694 795 353 532 598 979 421 677 14 586 21 381 18 644 819 578 720 324 616 681 377 898 133 186 587 666 384 765 380 180 25 276 128 83 426 602 146 417 657 604 803 790 537 715 225 732 210 987 231 684 740 142 256 831 978 771 596 905 102 815 452 651 29 747 559 6 163 808 680 295 535 817 285 211 778 543 255 267 719 687 218 368 198 269 462 343 568 227 793 189 544 167 812 304 96 919 922 879
307 877 11 311 544 749 759 274 206 630 798 175 315 149 614 565 722 32 869 911 981 876 341 812 416 782 928 640 683 267 283 998 834 714 111 200 615 976 843 739 261 163 591 822 32 177 259 733 33 212 252 577 460 166 263 63 874 582 469 383 79 898 242 586 713 753 762 112 209 565 844 311 13 485 644 324 386 824 844 290 492 738 734 949 799 894 802 874 993 22 691 691 177 404 714 747 345 824 22 195
327 769 718 530 323 750 318 387 634 488 340 517 306 123 204 430 677 507 969 750 100 112 584 260 241 446 279 799 87 527 657 454 270 842 520 708 91 995 513 379 176 907 773 294 570 954 881 637 379 442 831 246 970 864 994 405 170 24 57 99 191 673 723 951 766 861 888 302 787 877 562 98 744 312 151 697 87 893 170 116 707 768 774 785 865 452 311 244 138 873 942 463 423 296 44 261 965 115 652 434
998 207 880 360 338 42 447 287 19 610 998 393 960 114 310 186 538 212 132 454 109 432 190 664 691 344 506 415 564 736 64 766 799 275 362 422 598 783 811 42 211 96 704 702 522 107 959 4 382 557 404 807 166 339 829 895 968 774 173 878 888 172 359 216 824 259 953 448 744 890 929 780 40 309 176 814 699 695 436 613 922 193 901 124 990 63 945 95 594 838 388 636 560 650 388 806 810 419 883 585
336 358 95 593 288 476 447 802 309 720 971 682 650 687 729 466 740 800 106 577 758 389 456 747 73 12 821 492 47 217 693 613 590 820 840 351 89 810 649 252 542 568 151 402 686 710 183 56 433 442 971 194 685 649 556 283 40 534 329 541 692 401 530 221 731 410 763 128 793 569 237 626 988 665 763 868 750 183 684 386 341 162 974 556 190 624 181 313 12 103 54 4 801 481 13 1000 742 643 882 543
161 568 725 379 645 131 230 483 967 564 441 142 794 206 459 916 757 364 849 175 297 433 293 922 773 786 585 527 99 281 787 711 69 301 442 193 986 676 570 821 6 969 799 567 850 785 931 351 65 267 536 962 380 471 46 180 561 130 459 457 872 141 714 818 532 997 966 684 514 587 989 278 761 470 488 479 37 587 245 115 23 670 624 179 228 918 173 981 34 339 739 251 76 410 903 889 908 674 299 202
857 46 312 960 910 780 530 262 511 253 910 655 21 259 422 724 312 792 401 282 645 50 349 819 32 678 938 109 162 743 499 883 298 962 162 264 423 605 404 418 21 333 501 804 745 650 150 601 295 185 333 376 779 387 729 977 26 877 925 476 964 193 341 104 976 548 289 674 216 412 582 933 902 472 899 37 247 115 700 117 263 890 509 600 935 601 297 335 673 448 676 193 626 591 109 878 782 229 714 61
458 836 694 316 876 163 127 506 283 432 66 472 538 269 262 332 685 862 536 402 538 814 715 261 114 786 442 615 746 862 691 97 53 706 682 719 425 117 45 564 41 104 239 627 538 626 592 311 933 934 559 798 804 839 782 853 245 985 213 412 972 68 737 495 927 505 677 205 567 129 708 192 848 336 105 542 817 139 37 952 477 49 696 692 304 212 420 506 14 600 528 94 425 88 103 477 564 489 896 489
275 150 493 516 229 697 927 399 244 268 155 732 454 278 561 857 164 91 59 146 229 930 141 159 296 455 979 582 804 102 835 824 50 942 963 488 369 305 486 51 466 43 350 571 770 320 683 756 914 83 466 698 123 104 812 294 836 20 152 159 390 733 780 859 261 780 173 274 321 713 912 282 532 881 801 971 108 861 951 117 658 600 258 555 744 45 662 573 452 566 106 560 454 522 195 559 485 630 466 594
761 367 300 807 325 882 791 341 347 213 901 275 142 161 621 437 959 146 559 46 540 309 145 12 459 799 240 192 316 610 768 943 264 140 523 49 798 626 559 794 685 78 231 358 554 47 215 190 279 680 317 208 387 637 295 717 126 851 167 629 268 365 898 432 762 242 760 525 978 767 264 532 979 390 303 537 221 969 633 168 584 331 809 465 789 789 121 829 425 973 210 782 151 634 340 988 286 695 624 536
787 428 170 307 637 563 371 382 76 586 393 171 736 749 933 227 676 321 514 410 57 541 662 138 411 89 495 85 30 490 303 94 812 1 323 14 561 68 599 797 820 553 383 87 136 772 792 89 409 10 548 296 571 168 491 678 478 717 830 633 587 255 443 993 481 380 535 862 928 816 826 250 551 910 210 707 736 150 407 461 804 818 947 40 22 174 907 122 658 162 528 681 175 955 831 520 76 332 977 837
351 442 527 928 492 639 613 930 44 103 580 884 16 86 609 100 215 731 519 295 223 909 596 810 467 495 381 987 7 461 131 133 911 778 282 816 146 553 550 833 31 47 454 365 977 668 344 199 463 51 371 408 657 49 19 349 935 350 949 497 359 102 479 232 927 233 242 998 132 484 971 621 59 510 965 394 208 528 672 143 180 783 535 926 547 38 141 156 241 568 22 113 289 559 859 527 914 267 796 720
748 764 972 123 578 143 356 529 132 690 710 522 941 892 115 844 211 668 326 334 657 498 602 23 874 964 74 887 87 264 516 526 408 419 119 460 102 675 983 903 316 912 659 878 521 147 56 260 195 511 978 186 333 846 103 560 32 26 68 259 948 714 478 490 685 60 24 740 183 550 757 781 82 526 880 256 447 508 286 354 88 164 810 233 701 968 590 816 891 303 871 602 748 800 869 309 197 676 593 623
57 784 171 836 219 581 2 634 221 804 771 303 282 973 775 997 918 13 424 589 954 584 439 66 692 395 649 369 567 937 563 23 725 87 86 312 466 409 265 498 800 495 380 992 75 402 254 131 949 279 307 479 486 987 453 104 814 522 120 406 309 432 301 643 364 241 168 71 96 155 925 902 810 143 820 677 482 819 381 944 856 783 692 807 917 288 694 581 463 516 396 455 134 15 631 957 526 712 710 215
642 365 581 128 923 814 933 139 140 699 257 95 726 700 782 754 73 639 348 466 789 478 532 705 652 201 362 732 289 393 698 881 656 519 463 864 719 622 15 173 392 848 709 85 702 451 808 590 776 717 789 12 169 640 210 363 799 31 657 487 51 639 25 711 214 428 940 174 605 938 818 207 473 906 206 804 397 758 318 567 229 251 690 934 438 175 666 85 23 440 758 420 17 954 585 71 978 363 950 133
760 60 900 416 14 38 844 695 110 995 180 724 507 104 744 886 460 259 458 308 99 598 775 348 912 138 138 985 594 181 670 699 258 513 65 425 810 229 403 625 617 748 145 431 158 802 842 27 930 724 306 937 519 69 526 937 4 990 220 743 473 214 404 146 623 328 818 297 153 382 406 506 831 58 995 296 793 346 124 881 180 747 496 270 608 581 975 438 20 908 28 103 718 888 521 179 78 118 75 878
11 562 692 514 562 162 824 878 370 312 834 884 353 599 945 280 716 506 331 919 875 608 379 861 5 613 91 739 114 607 339 919 189 965 114 805 660 586 211 209 655 760 676 832 840 269 774 501 725 686 119 666 882 545 598 677 908 499 711 74 245 883 48 706 848 201 971 167 426 891 758 324 88 436 99 399 315 635 712 501 857 342 405 733 743 393 814 954 860 312 24 395 687 642 967 925 454 953 283 581
153 307 899 290 356 984 284 170 145 410 209 577 600 947 265 497 374 463 279 531 437 92 755 727 547 245 165 984 821 180 470 807 477 503 609 975 996 39 379 370 989 665 369 744 324 942 43 265 947 258 828 95 817 963 762 449 468 158 816 212 378 459 140 672 557 301 643 432 313 527 271 25 609 17 339 117 280 925 297 690 234 208 787 349 612 31 187 533 720 723 589 394 653 982 638 67 538 305 240 981
193 922 718 170 409 933 375 817 137 205 181 902 572 320 612 882 518 325 27 854 754 769 559 345 252 514 487 72 382 879 337 261 646 514 482 609 175 211 861 103 383 452 605 793 679 903 128 787 870 359 686 244 984 962 673 725 179 434 240 733 905 789 92 821 519 466 884 114 863 367 297 886 738 473 619 165 259 410 298 215 96 532 498 654 117 724 515 353 180 25 639 45 38 778 178 523 805 283 415 144
528 339 788 844 167 665 262 120 265 689 394 174 369 378 609 188 174 397 200 513 339 918 766 422 331 573 884 5 690 963 814 891 363 79 825 320 767 256 65 903 590 647 658 458 555 197 737 738 18 76 234 94 1000 715 135 32 549 473 565 566 192 618 600 353 957 38 257 947 693 784 227 363 221 353 594 418 936 252 663 644 440 464 206 862 657 133 831 750 981 798 292 773 717 157 476 521 606 735 256 696
833 293 375 44 78 33 462 851 769 350 955 570 58 280 625 123 566 481 117 299 358 788 533 985 421 179 858 750 400 135 263 521 701 688 285 45 566 148 947 652 718 971 838 506 373 972 9 844 683 168 421 653 209 513 55 113 457 71 567 625 730 969 245 113 706 473 743 457 441 841 482 562 511 454 418 90 333 573 262 865 368 996 20 151 763 288 788 156 489 403 409 251 667 633 252 410 242 916 585 773
452 942 859 494 956 862 40 584 761 574 77 294 870 854 871 125 234 860 189 898 69 67 673 45 452 375 423 635 610 959 102 64 219 878 344 167 438 916 877 576 394 732 632 236 556 918 876 414 899 771 476 885 549 488 299 46 31 658 387 9 543 848 658 369 505 337 984 70 506 384 752 759 345 123 131 760 848 371 133 880 819 854 446 545 469 69 839 759 909 799 953 976 129 162 53 986 167 938 134 492
24 868 138 685 118 513 502 249 385 135 237 233 242 44 114 73 993 7 500 190 10 515 599 31 569 530 723 422 217 906 581 255 627 606 369 570 675 664 919 845 631 494 929 665 99 924 454 110 416 381 260 407 199 938 512 819 622 757 424 55 113 351 937 651 637 415 256 231 189 206 677 33 210 209 968 80 227 245 904 299 703 185 678 263 954 987 550 815 716 980 407 288 242 250 804 365 380 582 895 660
954 129 682 71 136 176 54 126 965 721 880 661 281 807 495 1000 686 108 91 126 569 214 245 864 280 738 953 600 111 455 966 992 584 912 548 269 126 145 911 150 217 446 384 796 588 204 360 477 245 433 174 540 294 454 387 84 556 766 550 946 404 904 798 591 462 477 962 39 762 27 457 657 11 892 365 49 28 217 893 308 786 545 716 882 217 478 46 953 830 779 27 19 712 486 200 674 345 202 311 301
112 194 469 280 68 894 458 343 25 750 218 453 908 172 896 983 939 440 240 771 25 73 274 833 104 189 612 541 303 823 161 453 594 276 602 91 803 44 711 136 144 267 140 606 660 628 971 869 110 284 781 379 494 613 552 421 641 395 513 852 179 716 895 549 566 555 575 697 607 24 259 349 222 121 281 35 379 337 575 211 660 107 785 352 126 755 659 942 296 333 98 957 185 26 99 52 780 295 270 238
21 189 666 885 582 351 143 916 520 268 534 973 727 535 180 215 893 442 528 237 693 303 402 31 856 83 922 784 155 739 601 308 208 307 359 770 290 673 906 619 531 338 704 799 263 181 464 733 919 614 333 708 210 277 470 574 846 470 436 320 860 243 318 227 945 984 88 118 136 777 848 101 935 55 559 664 108 148 360 617 538 402 217 141 312 866 947 323 777 583 126 827 352 190 808 304 9 110 190 580
990 327 275 862 66 572 179 400 466 554 874 902 572 690 319 410 886 573 924 556 361 279 792 755 393 885 673 497 537 416 468 957 172 747 928 97 395 302 153 860 346 271 139 730 679 785 927 907 323 69 800 837 647 448 543 189 537 985 53 478 823 13 395 258 696 575 3 203 68 821 72 968 345 724 528 22 653 544 1000 973 917 457 633 993 73 307 94 103 414 24 709 285 387 672 502 33 139 447 800 803
316 493 898 287 531 402 10 390 118 561 761 376 50 697 902 91 484 703 951 729 68 124 255 396 944 568 422 846 103 979 413 192 427 894 618 891 604 22 57 895 190 309 947 112 213 280 347 746 380 164 531 460 350 88 480 13 663 345 976 726 902 729 644 557 928 506 664 992 650 947 405 163 300 513 653 255 698 114 883 94 200 937 758 261 605 851 685 707 653 228 698 769 682 659 579 686 954 545 462 600
204 533 353 820 200 546 152 803 807 580 218 884 643 682 138 154 663 728 868 136 286 981 899 314 869 751 534 117 682 791 494 124 435 707 544 860 40 722 878 453 24 888 551 366 567 128 42 930 479 198 42 285 517 468 525 634 305 642 803 978 169 874 556 403 200 823 893 481 168 815 678 334 331 668 154 380 858 342 651 473 960 491 130 523 815 719 713 698 4 702 467 396 406 798 874 15 382 769 523 492
298 731 644 880 864 66 68 580 317 699 734 398 18 561 326 318 723 662 791 926 881 711 75 443 612 26 844 15 872 949 675 41 495 828 455 893 75 975 760 538 802 765 180 334 657 988 975 155 758 803 728 528 440 269 665 867 474 336 495 947 764 238 267 531 755 986 379 920 932 576 45 491 593 700 636 695 64 999 120 938 713 20 560 871 960 936 842 880 174 210 918 732 612 653 389 615 255 112 454 50
731 578 997 57 281 795 342 278 720 260 545 435 821 359 376 500 962 134 397 816 760 206 475 197 615 101 646 107 248 733 22 417 105 820 449 658 354 170 808 494 1000 323 398 454 72 78 41 356 353 300 675 514 747 448 575 551 505 584 740 439 635 888 13 22 687 217 194 298 556 969 625 347 213 744 399 597 714 468 956 944 298 484 316 411 182 59 691 971 691 155 802 702 479 167 18 419 128 511 253 310
532 556 745 410 524 665 774 851 412 691 847 749 206 166 191 639 494 508 930 272 370 96 358 350 577 125 417 564 887 29 810 64 909 581 307 487 221 889 292 898 8 810 333 119 120 666 825 572 137 849 603 70 999 563 560 88 448 124 877 101 529 741 49 235 825 474 240 203 663 964 270 301 74 744 403 634 280 88 110 939 60 25 728 503 545 787 37 592 420 959 978 604 310 930 558 638 158 970 476 140
963 342 305 515 570 785 985 603 782 612 897 987 991 285 615 206 239 633 216 209 65 354 256 143 66 376 304 789 816 129 708 8 700 231 769 236 801 763 495 307 516 189 713 780 612 749 956 16 146 602 592 661 200 373 787 176 643 656 484 659 391 353 514 944 547 424 877 519 64 280 137 388 119 214 482 284 864 928 691 1 388 457 178 472 472 731 985 566 984 884 712 778 189 195 876 322 521 987 440 397
219 821 256 145 843 510 873 747 332 587 24 149 996 865 407 208 341 780 682 835 820 288 568 964 626 314 615 728 552 858 381 183 913 263 174 991 119 758 677 941 440 351 924 879 581 488 537 541 963 122 608 474 774 875 291 461 605 416 31 444 971 955 9 47 239 292 784 688 421 958 256 300 870 377 985 953 575 442 286 340 993 260 599 562 990 214 153 467 938 255 244 335 412 993 28 693 665 484 183 755
938 847 140 523 770 841 531 232 987 675 23 37 741 976 31 803 48 150 148 826 327 932 782 74 485 339 19 109 84 329 94 576 949 574 15 296 165 629 387 697 825 638 67 646 153 915 81 3 854 329 672 430 999 920 161 975 472 767 136 121 591 36 551 566 162 588 265 636 987 830 458 704 266 883 674 427 790 77 823 378 302 613 360 346 713 638 772 892 990 280 731 120 947 518 318 762 629 729 374 793
627 473 555 144 533 363 261 469 543 625 250 612 883 183 969 968 724 544 748 871 882 610 863 663 709 498 869 374 742 717 418 151 876 19 60 701 833 925 548 23 298 281 775 943 98 83 388 808 781 812 522 612 915 580 455 964 523 750 768 186 17 33 888 851 461 174 387 186 452 826 659 261 972 161 617 576 833 530 893 587 794 556 147 185 116 889 792 159 818 83 376 738 793 594 956 118 36 312 684 456
865 51 307 550 830 894 672 874 902 892 318 547 933 15 577 500 759 140 799 630 514 151 197 967 269 761 90 265 694 192 691 858 797 310 533 177 990 928 5 350 875 899 84 391 455 214 621 407 832 550 63 286 66 574 787 957 560 993 503 379 123 901 422 87 759 500 52 119 314 945 167 306 228 703 17 37 229 270 22 251 805 69 511 162 913 174 886 588 977 830 770 999 389 337 813 905 773 334 428 365
739 161 64 138 715 674 794 206 205 406 311 560 56 372 167 918 710 590 514 860 908 949 838 532 881 837 159 304 658 503 870 907 5 165 201 920 481 278 694 871 983 9 856 27 644 262 577 753 566 571 817 978 784 583 816 307 820 137 119 6 344 349 822 920 137 739 599 551 955 790 687 639 985 159 343 395 967 110 503 20 811 228 997 63 916 76 524 797 525 96 78 786 891 368 741 161 811 479 745 431
849 893 321 510 829 968 466 858 158 870 738 12 980 904 358 746 425 617 34 391 538 96 880 6 55 328 582 988 536 3 979 466 262 148 33 704 570 791 608 912 224 664 381 988 205 639 649 142 149 956 383 314 142 204 915 117 614 398 544 389 832 7 585 582 62 424 847 988 474 375 741 892 473 508 418 715 829 626 962 917 200 398 167 362 320 835 752 518 550 681 945 207 397 455 468 18 452 912 888 405
228 968 96 71 444 845 794 180 978 468 193 957 399 73 805 200 260 695 780 563 448 917 667 7 4 650 374 524 12 522 89 159 981 86 857 246 726 582 347 101 404 244 394 690 60 196 313 162 338 357 342 994 391 244 283 793 831 174 395 914 996 150 749 298 897 535 622 498 105 381 655 78 264 7 16 171 48 876 257 23 571 302 532 774 849 758 120 461 798 621 206 91 237 180 937 860 971 590 243 799
959 381 285 77 976 327 491 747 494 954 855 703 437 827 799 196 577 21 800 978 304 325 287 639 842 323 112 541 630 751 693 365 910 124 206 726 193 662 53 932 986 636 142 838 668 469 379 805 315 368 972 682 121 672 739 463 527 55 363 153 94 836 2 524 10 767 853 272 762 405 208 967 449 868 565 738 129 848 995 185 708 266 233 883 995 523 940 499 970 622 264 782 198 80 627 251 15 321 807 52
682 537 676 987 947 280 855 372 589 935 280 90 723 92 812 320 741 327 914 322 304 817 932 309 65 627 432 19 17 914 683 578 800 303 368 140 465 564 83 822 262 498 849 565 996 481 665 423 166 749 570 666 605 959 545 773 735 741 272 633 502 434 477 102 986 282 40 931 576 57 685 866 447 489 744 526 990 468 818 40 292 643 23 286 316 181 112 302 358 946 319 325 30 686 130 228 352 765 149 297
557 198 150 780 218 112 162 535 120 120 688 51 192 148 797 953 338 489 852 309 898 342 620 578 297 895 986 658 396 985 791 885 333 978 384 652 349 26 333 972 668 279 15 823 962 614 21 456 613 3 879 192 645 282 432 964 217 28 76 374 599 215 340 382 80 646 3 173 286 439 34 532 82 846 316 808 318 886 975 148 693 690 449 254 190 640 796 128 737 850 116 278 766 264 108 296 289 879 903 502
756 282 766 293 862 66 560 989 960 132 396 684 703 894 321 225 546 119 900 893 109 366 598 433 998 554 489 824 503 877 262 287 624 45 847 246 932 518 982 563 211 79 189 482 746 22 958 746 99 661 282 594 58 20 742 693 495 730 1 369 940 532 562 144 903 994 783 772 479 387 616 268 269 367 641 683 754 172 725 976 573 899 213 336 364 162 264 485 417 979 50 682 727 288 932 300 300 320 643 867
197 660 993 931 316 10 459 451 692 558 621 576 758 632 210 255 406 636 321 544 448 133 118 979 156 955 994 724 619 637 836 110 196 614 967 335 635 844 361 821 750 108 458 473 229 554 61 562 475 34 341 292 900 613 815 723 181 942 714 913 78 263 814 424 110 407 177 72 226 660 491 359 839 153 753 351 137 639 289 501 742 813 991 914 640 137 305 743 916 548 869 866 233 4 384 674 134 90 207 269
923 853 897 688 515 925 817 631 695 412 139 216 127 88 545 850 576 568 75 772 867 100 835 975 136 368 498 467 361 489 840 141 655 973 546 2 284 633 672 671 454 246 988 123 477 999 333 602 226 503 153 794 159 938 384 234 229 137 621 204 941 793 978 279 366 396 13 643 726 205 600 739 270 842 916 784 239 268 224 89 284 753 815 783 772 155 609 687 77 829 988 52 334 17 750 217 316 949 161 530
162 380 619 396 740 882 790 278 424 785 533 15 307 83 172 708 827 641 796 569 596 26 108 932 879 171 226 218 921 965 325 301 743 964 278 682 667 779 872 763 404 662 301 79 841 33 114 291 522 870 436 278 123 577 420 551 841 810 775 239 297 900 650 703 392 70 145 161 664 575 270 453 381 944 780 526 787 925 811 128 965 741 776 218 38 527 424 414 873 356 944 510 328 208 777 5 800 148 914 443
119 805 800 501 316 110 152 426 828 771 168 283 911 534 14 512 503 725 482 236 819 423 401 477 967 211 578 683 200 653 556 328 859 127 74 784 736 778 985 49 26 536 506 136 882 97 15 374 585 556 110 906 743 518 799 798 877 821 852 918 119 543 614 626 168 497 283 460 720 921 567 679 264 699 533 423 746 604 35 437 972 160 322 278 776 999 522 195 280 666 364 173 640 887 72 843 602 122 133 421
13 555 341 429 439 131 35 848 15 915 516 203 350 851 581 708 88 688 582 539 79 980 402 830 977 17 141 717 853 605 437 314 265 334 64 995 177 34 727 843 105 673 596 880 888 919 713 45 371 293 357 879 412 160 34 375 399 280 169 614 308 475 916 583 222 586 303 681 377 869 950 542 855 880 931 254 482 260 439 270 124 715 540 524 884 408 272 392 952 298 219 334 193 957 110 730 303 563 6 609
223 18 2 569 346 528 510 33 417 568 19 470 75 269 766 654 257 347 209 971 357 626 244 89 509 762 87 603 512 623 358 499 354 539 876 955 794 945 934 392 936 702 432 962 86 581 747 299 82 665 857 27 897 558 17 919 894 592 876 35 678 310 796 875 33 720 279 105 480 441 374 256 628 943 402 354 519 595 402 732 686 898 489 713 654 320 621 683 509 273 102 460 89 524 554 926 731 799 547 934
822 624 867 594 245 358 559 590 731 40 853 149 715 999 185 985 427 184 572 880 390 125 115 913 764 84 731 598 145 256 48 95 321 775 650 194 650 866 679 775 573 497 677 628 660 186 785 22 955 566 899 885 51 534 164 976 254 769 795 405 891 627 868 838 418 666 720 510 546 232 747 9 172 814 214 934 240 61 854 560 572 298 269 410 540 462 73 838 925 804 500 340 850 122 73 718 663 125 65 525
678 757 713 455 920 510 67 137 46 948 269 50 609 84 167 821 935 719 218 846 421 183 882 852 461 207 991 875 232 802 537 969 225 668 745 56 446 290 552 449 777 112 992 546 310 204 122 945 912 869 735 500 998 393 877 60 487 715 634 166 565 697 523 60 35 632 907 747 930 610 95 28 122 604 161 115 44 946 929 452 479 765 162 946 842 670 806 48 538 919 612 445 709 810 969 832 809 845 999 540
222 587 250 607 348 204 18 555 326 759 12 179 577 870 590 9 380 291 884 672 128 321 126 153 114 662 340 708 319 796 34 402 12 912 193 130 626 540 778 123 633 67 492 235 316 732 120 401 290 186 639 990 701 610 772 851 197 361 230 832 759 632 671 623 99 855 628 976 257 144 937 274 126 719 682 698 641 490 286 807 753 492 879 797 668 377 397 831 333 723 743 571 468 640 326 464 689 202 668 885
672 672 154 401 861 814 671 980 478 421 446 718 988 19 102 107 630 5 763 417 517 672 886 600 2 911 799 19 771 105 803 257 447 149 896 861 305 386 135 19 205 750 731 622 3 210 418 649 713 13 637 222 147 480 530 158 410 334 508 887 626 500 237 656 273 446 923 421 102 745 652 312 358 721 111 348 767 960 428 999 742 161 713 908 547 664 869 252 678 12 276 204 654 66 995 840 103 246 10 95
892 684 49 957 824 61 200 188 730 574 624 360 650 274 698 28 847 564 294 563 344 77 922 375 273 367 554 476 185 207 168 783 272 390 756 407 243 133 223 119 174 178 455 313 172 76 431 463 300 49 47 394 482 322 947 432 869 503 929 638 401 960 924 37 957 346 827 113 466 472 452 827 664 418 275 593 856 254 862 280 915 610 691 765 154 607 746 447 95 631 243 351 624 438 32 539 625 945 782 900
71 168 876 755 676 563 139 529 453 911 276 559 412 631 579 944 890 380 403 895 467 257 970 349 511 110 294 827 919 190 378 881 143 254 390 335 571 270 470 104 486 150 768 705 823 872 802 4 992 156 771 807 855 637 193 239 500 571 824 973 405 34 487 372 674 168 69 315 622 676 813 780 316 212 878 506 873 959 958 901 651 571 132 950 3 989 473 294 383 521 120 961 772 989 501 41 568 367 924 678
9 626 822 912 604 32 307 611 785 941 199 350 239 60 728 916 384 860 138 220 50 527 27 434 64 392 373 905 244 354 449 774 585 549 466 590 692 269 102 106 12 696 355 382 30 674 5 820 601 482 949 84 927 513 341 5 661 230 419 461 919 534 390 891 496 631 393 41 536 651 324 694 73 929 56 578 967 703 787 416 231 138 288 496 509 37 674 325 617 580 874 122 111 42 90 853 787 512 456 776
719 282 399 763 30 670 136 509 584 857 781 469 766 762 993 139 556 546 724 60 804 698 314 467 371 55 933 204 259 718 743 600 295 416 644 260 272 683 102 120 765 218 404 928 182 92 522 703 620 705 390 676 458 842 148 63 49 700 584 408 210 741 909 939 449 752 397 665 568 596 923 877 21 475 585 182 973 666 722 479 463 540 661 407 866 396 386 490 783 355 642 358 118 930 728 261 727 976 809 90
24 395 562 904 789 303 366 833 21 10 878 549 57 754 301 831 139 437 999 422 386 80 418 539 50 841 867 872 495 637 866 628 468 130 821 615 353 91 696 977 589 743 489 212 882 241 243 255 226 642 214 781 542 294 121 962 425 848 72 977 785 578 650 114 332 252 708 619 419 131 724 724 584 72 547 918 991 26 149 381 156 226 959 829 501 657 891 767 219 246 89 213 465 69 965 88 755 935 190 171
414 530 908 702 170 116 677 882 134 168 352 3 674 869 11 891 590 544 742 526 828 160 339 763 683 584 354 806 557 158 125 967 699 569 600 740 907 445 741 219 281 159 371 73 125 561 57 862 896 3 142 951 578 907 498 556 259 307 844 551 624 173 172 146 476 71 647 5 714 575 323 348 760 67 551 100 130 748 131 811 613 398 165 900 507 14 545 482 981 322 40 165 241 91 527 43 681 426 543 728
15 628 955 372 382 849 672 975 393 439 188 792 168 944 611 830 938 911 505 546 866 106 843 763 157 655 983 725 271 669 412 481 3 515 253 138 725 52 835 667 662 972 471 900 605 778 154 951 383 885 189 790 552 509 385 909 34 165 220 109 814 953 511 56 520 487 987 560 259 299 348 689 880 94 134 624 507 476 60 555 329 84 413 737 125 649 168 294 186 450 26 171 178 870 577 312 116 356 684 698
773 464 126 433 748 186 841 1000 296 377 218 429 814 663 321 890 453 1000 634 920 438 508 188 875 177 320 566 281 109 391 103 21 31 861 664 585 828 594 239 335 377 909 703 207 178 362 110 482 593 481 596 447 356 214 259 912 677 726 262 704 742 641 853 175 400 186 133 384 433 80 467 887 71 939 117 248 13 727 632 714 374 397 879 234 914 221 817 981 758 485 412 534 116 880 268 844 743 981 570 588
636 26 580 53 476 8 903 50 302 99 900 443 526 209 870 148 790 520 181 59 73 777 71 43 575 471 772 608 4 441 992 23 67 351 959 289 329 274 418 578 155 743 529 408 986 213 940 541 930 791 19 558 21 532 261 892 217 417 99 819 215 176 634 744 205 962 582 346 285 509 210 984 273 671 459 283 240 818 450 546 172 482 463 414 54 676 331 330 104 975 821 696 145 582 549 754 764 262 848 726
181 835 912 482 423 50 804 194 393 789 867 656 317 415 901 938 45 962 65 959 377 935 134 8 887 387 692 594 410 236 86 203 528 491 916 657 513 328 276 402 97 671 891 112 409 7 142 145 21 95 14 436 871 940 158 890 907 692 16 34 261 624 375 976 303 834 769 834 178 283 764 536 443 907 1 322 90 826 586 982 6 343 999 485 777 533 479 999 55 963 305 14 232 242 78 905 539 294 528 446
