150
51 250
30 762
903 917
782 893
490 679
407 771
98 906
764 924
557 566
144 361
633 783
429 896
846 884
772 782
458 617
50 339
815 970
623 760
8 31
559 665
310 492
129 586
984 989
921 989
372 455
321 664
474 977
689 929
506 562
741 901
510 764
207 771
407 607
748 836
567 749
813 969
667 692
166 911
864 900
502 711
814 899
609 842
619 761
166 814
620 948
787 897
749 792
998 998
866 928
251 767
377 831
929 984
538 935
391 893
507 967
541 649
525 714
894 956
921 967
53 625
610 777
136 641
527 654
350 970
470 570
853 873
728 938
201 334
587 861
181 742
789 992
984 1000
140 810
504 654
562 948
606 721
682 827
336 915
313 746
783 985
368 653
853 995
547 783
577 792
353 853
232 839
473 622
621 959
898 931
917 970
496 890
457 950
326 543
896 915
620 624
506 801
946 974
702 704
945 980
874 927
783 799
402 808
657 867
701 912
108 140
58 982
582 832
38 778
702 920
402 715
9 567
839 865
458 734
740 978
345 465
149 684
915 963
51 891
476 539
761 778
197 683
355 623
204 554
25 94
481 685
119 534
360 722
159 458
445 460
277 666
615 704
467 792
320 470
590 650
589 992
976 991
274 634
637 753
186 398
905 956
18 236
18 898
287 343
495 604
207 629
342 362
109 849
475 966
943 987
482 706
621 38 755 166 683 882 1 525 998 7 987 644 324 337 50 486 149 27 240 792 771 538 428 891 436 425 972 821 364 39 556 971 78 293 542 217 508 771 104 948 796 91 669 233 808 829 45 741 380 808 644 830 906 259 521 522 176 855 670 75 182 250 541 802 169 157 518 971 612 356 475 979 667 278 795 70 257 118 398 839 255 499 823 165 54 326 501 906 468 536 456 494 625 703 429 357 241 698 167 785 789 553 891 143 574 622 183 675 134 218 202 727 185 421 652 314 697 808 617 352 944 446 871 368 311 630 95 91 785 137 926 31 583 878 465 780 213 906 972 281 915 931 676 970 407 391 614 343 975 974
717 58 349 389 511 963 992 86 609 793 163 139 905 429 710 868 71 353 822 314 779 403 545 987 848 374 689 912 208 290 727 981 612 292 742 162 331 511 670 239 881 77 364 125 597 928 419 808 430 998 674 451 321 38 296 658 546 449 78 759 700 360 881 53 249 650 268 184 844 209 419 129 69 205 93 869 646 2 71 476 311 244 933 572 445 180 168 921 204 212 23 426 537 660 330 404 652 684 362 42 868 690 580 407 684 922 540 744 458 402 226 317 49 329 423 872 932 798 524 871 524 586 934 854 417 115 694 960 767 166 935 676 645 43 775 369 435 625 987 983 844 402 423 684 930 414 519 475 689 877
187 237 37 361 274 445 84 42 996 53 723 34 345 811 469 259 227 834 444 441 646 492 376 90 923 138 530 779 802 550 719 746 660 493 826 910 848 332 936 445 753 849 100 335 25 683 999 951 54 950 505 922 370 161 279 11 838 74 683 857 2 930 504 598 198 307 312 257 758 710 524 890 268 413 562 839 200 929 326 946 131 433 671 157 625 500 723 318 399 697 39 806 495 539 358 374 921 820 267 618 211 714 20 178 55 214 113 426 639 580 718 369 828 238 402 719 707 326 947 667 512 337 629 958 887 484 394 273 170 214 742 115 133 74 649 613 774 445 851 690 311 541 337 169 184 390 104 994 282 66
384 757 891 68 903 901 560 612 798 149 267 32 92 687 698 187 230 220 673 465 851 222 614 663 797 859 92 417 873 444 644 622 812 925 16 796 434 272 360 250 847 112 579 966 646 877 993 627 909 933 193 976 829 771 704 938 270 183 625 518 916 150 586 723 55 338 56 330 629 943 323 450 885 725 36 617 537 422 822 974 219 796 263 746 408 269 750 172 289 700 15 22 358 953 726 940 519 493 788 857 848 717 186 618 283 156 310 60 627 476 78 243 269 530 223 985 786 992 258 565 111 585 79 445 259 524 287 131 559 756 338 161 386 559 61 695 227 565 757 315 345 901 706 214 155 414 413 588 964 359
983 16 648 690 693 41 861 499 982 270 312 155 834 842 921 860 604 320 675 787 860 972 956 166 473 584 259 956 132 871 981 643 281 950 510 438 225 161 225 597 84 882 495 858 350 171 411 835 769 22 134 832 262 517 365 726 396 544 776 844 969 364 766 490 801 245 322 590 697 441 863 603 176 786 95 640 627 111 641 406 222 291 765 717 772 618 319 243 685 265 596 79 725 920 961 942 943 997 12 7 683 952 958 645 430 383 880 406 772 603 125 887 261 772 793 450 978 796 169 201 695 515 104 899 562 991 616 102 841 852 921 474 618 604 830 140 456 183 786 365 781 626 147 764 922 524 606 991 567 240
404 915 715 935 302 981 917 993 696 945 553 846 522 965 389 783 702 275 419 683 133 136 623 637 209 654 524 288 232 861 494 416 3 458 88 863 3 988 418 459 424 717 551 48 17 106 1000 962 516 727 939 778 830 326 941 34 584 562 770 666 640 749 839 102 273 260 623 242 136 36 943 595 724 175 369 377 727 500 783 537 530 655 179 435 110 11 227 889 288 659 511 712 63 498 556 188 416 586 105 602 464 61 752 528 705 928 982 531 753 455 862 493 623 531 750 982 47 694 679 257 279 77 197 959 164 129 933 778 805 124 67 604 309 42 844 68 892 860 551 133 207 623 464 426 374 119 767 13 992 911
651 803 150 634 816 32 751 762 558 256 204 206 821 315 215 579 472 451 752 988 675 536 803 251 419 516 173 506 923 318 246 645 611 295 845 646 539 321 558 156 198 257 534 377 570 53 556 459 97 626 206 530 5 497 191 742 678 967 845 642 270 637 857 607 170 85 855 789 859 766 776 240 606 983 759 714 686 416 560 61 47 474 181 86 873 965 101 890 759 357 625 704 562 719 862 645 457 620 517 478 472 242 256 331 859 967 797 676 895 433 557 919 571 622 7 246 461 286 852 335 377 304 471 62 234 458 918 181 345 171 653 970 592 301 947 500 333 234 367 155 618 84 251 761 701 615 849 511 250 18
350 845 602 384 521 50 300 998 787 704 440 807 644 62 487 113 719 606 295 297 903 299 221 995 601 475 474 89 49 813 853 738 447 388 554 863 304 478 815 432 135 602 218 432 651 699 304 62 810 288 732 665 37 409 531 491 881 654 499 309 61 159 157 726 57 77 11 312 596 38 934 517 773 805 834 298 679 365 818 318 992 683 729 256 922 983 540 476 986 118 101 858 441 117 408 977 986 161 759 807 692 326 741 637 241 777 760 471 667 529 692 710 67 64 778 659 45 566 333 883 374 687 884 900 7 295 686 475 599 956 236 337 137 149 939 563 250 962 518 334 320 564 745 926 13 22 333 827 750 742
505 741 347 70 10 646 800 494 615 328 573 848 786 619 147 263 438 742 310 34 190 471 452 468 344 657 831 694 883 789 963 9 875 708 140 147 52 950 272 193 49 908 4 492 435 451 204 510 578 260 883 126 110 552 847 702 481 113 187 207 844 963 165 202 907 632 29 170 204 885 376 953 109 879 200 694 755 53 703 660 570 499 347 89 981 331 273 876 508 217 316 420 237 429 357 351 595 82 558 940 248 818 565 491 716 928 998 269 466 957 726 751 178 814 568 745 455 176 323 742 550 765 275 197 750 71 530 483 718 664 434 935 515 725 286 788 946 101 131 410 66 918 30 718 818 17 949 791 992 433
610 99 882 141 108 225 27 515 651 51 862 578 497 38 679 704 307 180 575 368 512 276 418 455 471 595 441 174 527 8 101 863 110 488 6 143 592 212 148 897 349 468 183 197 903 255 572 675 617 594 409 146 888 329 838 451 33 538 256 783 953 272 517 498 286 183 772 19 179 401 650 956 778 915 904 224 379 626 506 375 150 303 28 611 994 416 688 143 775 647 20 966 945 108 290 558 81 674 838 746 802 895 266 970 591 229 438 686 797 747 558 669 301 453 984 63 1 913 912 795 207 305 916 26 967 111 864 550 761 570 127 604 855 709 544 569 873 769 168 652 862 831 182 433 489 37 958 284 1000 289
674 66 319 319 71 949 754 902 869 591 471 505 529 677 464 199 297 953 886 538 838 305 255 996 629 966 166 872 935 901 722 421 932 136 518 14 475 622 791 550 73 589 66 585 564 236 166 554 71 525 792 442 34 809 99 311 862 270 395 549 953 773 731 27 224 855 269 305 207 101 413 741 721 483 222 300 916 765 29 401 524 895 303 452 527 502 136 898 110 490 970 615 328 122 136 756 178 309 33 980 630 947 527 257 262 745 481 66 999 425 457 862 171 532 785 413 26 942 840 181 847 61 622 634 894 637 944 520 972 188 442 988 864 43 222 504 635 965 941 179 948 589 373 850 881 11 313 918 355 15
408 661 125 527 368 463 9 643 921 543 543 443 928 99 35 294 988 812 949 488 842 805 177 910 49 451 814 709 245 345 541 946 586 573 386 962 715 855 9 768 280 435 752 507 585 882 307 617 728 341 446 16 762 495 525 424 108 129 272 685 305 309 134 703 485 94 567 759 902 636 379 953 984 919 752 785 618 794 883 828 917 247 26 775 916 977 284 753 980 894 390 14 141 108 421 379 506 871 896 773 750 949 102 489 743 98 882 578 185 501 418 896 640 636 222 237 551 119 239 228 206 246 189 471 622 979 319 86 995 389 213 558 655 493 854 10 217 962 526 521 248 861 282 591 254 442 180 239 176 77
23 82 383 503 223 198 603 952 451 85 921 508 345 404 864 938 64 664 282 625 118 23 697 101 190 974 16 338 144 618 504 834 895 750 9 822 472 819 857 873 682 413 826 651 72 266 936 226 276 57 557 303 692 910 176 365 396 435 11 266 456 104 206 698 298 84 390 895 983 949 515 963 248 424 501 164 973 909 719 819 354 780 76 716 591 946 336 177 554 867 720 44 267 66 695 27 721 254 219 797 724 843 342 623 270 326 67 352 530 674 348 174 272 854 611 917 661 236 755 774 902 36 117 769 452 165 45 895 917 953 698 903 845 150 553 650 409 454 264 142 71 532 212 561 755 782 983 109 799 551
108 58 70 667 350 36 314 101 375 799 585 971 399 599 146 79 420 54 705 518 420 365 274 213 462 362 64 858 233 326 486 151 723 744 237 883 165 742 267 495 703 93 38 299 140 447 676 791 772 963 13 181 181 606 52 228 956 617 372 694 930 710 498 673 82 736 264 547 697 216 244 292 856 80 296 905 495 206 849 755 408 179 255 591 521 816 208 600 413 171 721 1 381 814 187 557 739 447 611 409 477 363 943 92 569 874 708 65 726 760 452 43 582 494 347 534 371 698 695 492 581 495 734 220 207 285 848 452 874 952 180 331 162 154 463 988 256 39 471 856 920 344 874 295 135 705 50 926 167 632
907 595 763 361 690 966 222 344 1000 887 220 718 332 424 477 676 574 252 915 419 496 651 435 994 79 119 526 145 868 26 199 899 533 814 790 486 829 288 590 821 686 817 457 647 337 449 804 202 363 696 627 93 675 416 511 373 83 154 953 321 105 488 315 945 642 851 974 26 445 351 771 342 524 110 502 475 451 393 442 367 254 495 410 969 465 306 392 49 529 52 565 123 704 673 395 765 607 761 805 30 180 118 228 817 893 784 996 865 297 993 3 283 316 499 807 232 350 931 274 623 234 495 12 437 520 27 991 225 475 18 82 211 199 430 65 218 121 217 142 333 754 438 591 214 872 292 828 921 475 591
269 532 930 882 592 882 945 807 799 716 180 432 115 922 864 748 139 889 58 726 528 100 335 476 312 66 542 289 605 587 861 817 877 767 94 288 194 531 643 106 457 770 901 720 327 603 173 570 935 120 118 91 237 68 372 919 236 185 313 967 332 921 286 10 165 718 579 225 999 616 150 894 251 164 302 709 932 597 557 240 818 857 154 365 531 129 460 144 795 69 246 945 165 248 737 384 757 974 700 547 805 110 200 223 326 756 318 734 755 744 938 727 418 611 509 788 920 595 890 486 245 657 716 911 424 268 811 798 884 401 711 415 509 153 613 641 708 700 183 948 654 899 49 657 463 188 557 852 621 589
568 367 433 166 443 103 35 168 728 56 57 768 819 682 263 576 641 708 760 338 526 303 823 897 721 763 432 699 848 500 292 209 184 908 5 210 298 563 27 477 51 297 536 22 933 54 281 989 892 434 590 54 843 684 651 638 554 967 806 711 664 174 503 5 973 399 627 885 352 555 815 176 894 82 397 45 766 360 434 245 140 767 995 573 180 771 18 294 355 852 393 589 332 319 312 107 446 68 992 907 282 399 471 210 23 920 914 314 798 333 750 131 307 926 219 558 510 411 780 484 576 581 190 773 10 496 847 282 486 397 851 462 189 486 769 292 867 895 215 136 122 863 409 448 129 248 287 36 524 364
542 956 722 798 251 721 346 126 523 663 997 801 127 648 952 545 847 423 441 173 338 543 77 691 636 472 273 278 938 289 834 403 122 843 378 396 796 730 500 586 415 510 411 794 533 550 507 993 277 388 681 609 140 14 847 390 449 394 369 392 805 201 119 80 384 308 208 313 439 735 394 620 377 128 338 850 102 325 201 149 136 304 426 553 517 555 362 207 128 24 91 278 505 758 643 984 737 918 784 480 643 544 24 601 567 768 673 269 102 877 482 270 805 994 738 86 579 861 274 813 535 279 116 149 219 530 977 676 220 847 853 610 887 182 867 704 264 72 465 581 509 25 706 585 589 274 91 593 492 507
585 980 523 90 416 164 464 294 338 86 609 761 523 541 880 451 242 506 597 897 184 804 730 885 37 239 724 270 586 134 860 693 293 776 110 27 68 842 129 401 927 302 740 136 813 288 161 343 983 705 744 298 250 245 819 340 771 659 740 726 252 449 185 643 256 643 989 611 142 518 756 170 371 302 812 578 159 804 381 355 113 932 317 79 266 176 939 722 581 643 974 476 682 489 38 991 117 877 983 636 975 123 797 123 201 573 935 236 795 202 250 246 794 512 394 901 181 961 624 818 900 987 905 234 597 435 72 392 988 254 644 633 530 583 44 697 65 186 643 22 842 148 572 510 738 941 851 15 5 905
105 743 602 799 732 316 985 55 602 292 399 473 954 419 605 529 276 215 549 913 175 161 739 940 862 746 311 816 31 706 749 155 870 474 14 1 574 698 815 45 362 730 229 504 946 548 211 81 945 490 350 185 688 725 268 729 512 825 636 556 231 603 456 384 747 276 16 752 349 901 999 657 612 292 969 607 962 488 178 73 473 137 877 802 351 427 330 125 995 197 174 191 229 554 713 336 917 794 395 690 606 731 988 701 108 446 457 765 961 398 959 586 764 40 285 672 825 35 437 231 672 156 715 690 434 750 376 228 557 259 557 91 832 809 24 436 340 11 656 416 6 743 134 791 362 836 543 84 19 363
594 453 163 662 446 698 110 390 516 353 389 854 717 107 541 311 693 678 182 415 729 356 622 789 741 382 277 275 608 547 933 672 639 34 821 443 717 276 822 27 824 76 505 381 44 76 935 1 839 912 316 866 231 847 691 583 720 373 865 730 917 148 443 986 470 197 360 330 384 227 643 870 38 819 955 7 716 851 265 384 274 985 664 180 894 993 407 658 659 626 369 867 455 277 80 601 87 761 16 449 54 780 168 744 726 198 187 807 153 70 758 623 403 887 66 940 808 175 998 543 470 718 84 227 783 309 303 40 95 538 651 909 809 983 195 206 373 710 976 709 813 825 386 21 928 800 933 364 321 562
362 323 319 163 88 42 37 826 257 4 917 798 393 633 224 82 279 214 171 798 207 196 357 622 32 270 819 857 599 593 947 292 135 53 235 583 673 89 585 117 795 32 635 260 279 331 907 423 730 199 104 943 329 513 915 125 241 176 658 482 117 278 41 91 307 567 354 376 777 540 896 942 74 878 610 250 59 994 254 214 619 550 892 776 617 865 47 137 25 90 543 212 730 762 93 517 242 342 768 524 13 150 817 199 403 32 556 878 209 681 408 180 878 411 169 706 826 201 839 978 255 745 136 193 516 46 52 718 100 745 824 603 673 513 38 406 637 639 163 167 207 488 512 325 329 710 773 121 380 189
279 979 428 745 671 127 174 886 628 526 711 343 886 663 521 984 233 860 493 281 844 114 34 958 593 747 314 856 203 952 832 127 33 850 710 958 708 974 951 609 276 526 117 975 612 285 611 934 431 592 189 643 800 149 374 17 261 386 511 435 84 622 10 279 270 929 467 253 481 460 449 277 72 597 637 544 660 451 903 309 427 427 796 549 588 587 670 574 514 938 992 475 505 833 451 246 49 915 636 191 333 928 392 200 264 884 417 347 953 347 731 48 721 422 661 881 853 520 295 442 471 940 882 388 423 422 841 832 911 274 428 711 136 807 89 217 883 626 971 974 423 801 858 841 389 375 822 467 171 647
991 414 397 447 695 653 999 621 141 342 718 874 250 651 993 729 346 401 301 694 730 528 562 741 530 280 523 182 476 703 140 802 916 40 498 60 444 304 437 293 241 373 723 786 674 996 623 456 462 153 157 20 593 459 111 29 825 698 758 287 765 41 249 545 405 476 717 771 886 798 875 252 174 909 254 17 713 506 89 204 418 359 715 183 393 527 520 103 109 474 111 22 871 474 831 292 554 307 411 937 334 935 440 120 612 585 946 896 636 945 475 883 991 182 621 946 478 143 50 363 837 189 670 173 443 375 105 395 404 675 753 252 605 753 492 978 95 454 64 502 701 799 823 260 440 323 723 849 156 437
979 791 256 313 972 329 800 405 745 97 132 224 777 382 767 124 917 512 259 48 110 979 761 704 600 47 883 479 680 755 911 748 281 80 839 520 223 799 905 543 498 219 189 940 219 9 843 495 740 804 393 125 769 19 866 151 813 278 881 610 616 275 990 672 105 132 488 393 956 681 116 710 306 119 145 425 418 375 393 829 620 362 841 191 701 688 42 370 30 470 656 184 833 22 109 447 773 680 145 487 374 480 977 80 754 575 461 61 590 267 415 603 759 242 393 142 945 989 374 430 923 325 248 609 868 691 689 519 658 405 333 57 726 825 402 935 996 880 158 165 312 833 767 734 469 721 323 390 244 703
266 134 707 688 143 152 531 364 363 728 226 653 470 373 50 572 367 981 623 671 233 998 529 21 611 47 511 861 414 335 705 482 486 403 485 591 189 886 120 890 475 832 346 136 232 331 863 398 337 697 189 524 203 263 386 441 183 691 336 501 872 840 275 585 775 232 625 923 959 647 299 3 824 82 209 808 182 677 878 913 85 650 961 998 995 608 317 743 973 287 619 498 992 445 937 931 791 64 913 702 803 207 816 494 939 86 145 177 324 297 358 71 365 902 276 299 210 30 768 313 195 926 570 229 154 270 10 8 920 803 668 628 444 502 2 121 683 248 855 824 902 381 845 110 907 279 193 742 448 597
720 663 653 48 508 949 664 91 275 126 453 965 805 994 323 809 575 917 188 622 352 513 640 436 310 675 28 93 637 257 328 362 342 859 123 268 646 262 962 402 878 883 684 626 524 614 93 973 79 127 542 588 340 955 687 803 286 894 808 584 318 207 747 83 176 20 460 126 694 749 973 786 818 767 260 849 912 814 111 469 918 303 281 237 358 851 706 398 592 717 508 802 380 617 77 591 603 964 423 537 382 963 655 791 675 862 566 977 567 235 288 324 902 19 262 140 507 65 519 561 224 47 187 143 351 867 976 840 469 179 641 71 498 123 992 773 83 701 868 441 700 918 535 56 274 257 41 817 81 474
988 558 678 538 723 272 975 277 152 535 500 295 507 319 635 663 215 865 144 511 563 205 276 53 119 912 147 404 29 498 608 587 635 123 420 26 870 688 333 408 429 808 381 555 382 366 747 183 43 268 694 980 647 696 246 503 738 925 91 784 366 135 139 267 28 343 84 640 437 310 895 174 464 466 138 797 241 221 250 386 634 44 872 555 833 241 303 953 861 114 632 579 602 275 545 940 970 631 286 871 718 145 336 694 531 542 14 333 479 251 365 166 671 884 621 893 784 720 792 739 162 305 763 899 449 31 365 210 637 290 602 287 304 984 101 466 279 338 156 542 376 162 876 958 728 550 603 31 289 265
148 768 310 822 335 290 697 940 522 321 873 218 635 78 556 879 678 670 742 350 679 943 453 392 313 333 83 405 782 444 118 689 253 393 959 237 598 135 910 477 70 807 492 167 896 575 912 567 467 332 270 853 800 506 725 312 760 90 678 572 596 354 871 550 536 567 279 426 746 563 987 121 67 288 94 624 32 532 233 719 42 427 364 70 424 556 141 959 200 572 732 244 953 205 758 124 252 824 71 234 239 136 148 222 161 677 684 870 994 322 689 972 783 638 120 806 859 517 437 308 408 519 942 725 152 965 630 238 203 884 869 503 971 799 470 155 747 991 49 11 978 346 888 149 563 791 368 348 599 785
319 434 604 651 263 786 325 142 212 296 444 788 459 16 594 518 303 209 491 261 620 395 831 369 479 552 317 444 370 193 40 921 327 746 808 8 701 284 364 1000 864 460 326 193 581 390 553 4 390 285 753 570 33 751 713 820 690 909 160 623 835 541 753 918 689 507 297 243 530 388 932 392 198 78 56 630 44 873 382 302 823 865 566 985 453 553 347 359 378 268 621 758 988 67 115 707 968 27 328 44 283 261 615 606 555 580 211 286 113 640 812 972 58 40 886 603 239 691 334 66 637 735 119 104 796 420 642 234 837 512 662 67 479 984 458 582 511 587 808 256 958 605 650 765 383 713 84 589 275 444
576 172 479 102 575 569 974 617 646 323 34 208 188 574 307 710 32 173 363 625 91 841 611 829 609 182 131 334 331 579 416 542 605 194 570 917 643 539 586 935 107 356 511 613 420 162 389 696 587 472 794 909 897 521 25 566 649 93 418 163 792 924 507 57 177 630 890 82 936 927 969 535 421 542 182 892 180 203 415 636 309 127 549 336 118 827 472 301 677 760 285 974 760 921 953 281 536 939 867 543 690 584 936 159 422 686 700 46 908 36 493 220 392 837 440 445 178 166 688 702 941 796 88 408 63 533 531 719 474 478 944 587 356 422 316 198 724 30 917 936 400 832 516 495 40 800 80 969 360 184
206 311 755 586 484 41 665 627 65 987 890 564 530 72 124 515 349 208 468 262 449 245 786 939 510 701 645 829 747 74 971 566 972 277 685 427 142 599 341 440 308 320 500 89 160 757 548 322 345 984 5 288 564 442 996 73 217 874 427 467 931 487 163 196 829 466 228 379 302 778 745 400 927 431 385 914 616 427 612 736 695 183 163 322 404 422 87 39 621 915 114 870 547 254 669 896 415 839 470 154 669 332 357 507 413 240 887 987 729 823 690 117 341 491 34 508 308 945 636 416 905 773 81 183 704 697 456 876 23 562 608 136 51 708 466 638 506 529 766 711 872 242 417 114 669 86 418 992 885 393
768 82 587 291 141 653 553 783 481 372 173 7 985 525 600 182 146 915 666 409 901 932 492 13 681 328 608 834 581 822 356 253 974 697 765 795 651 349 892 342 506 446 372 377 127 165 937 383 8 964 505 916 936 971 144 219 852 490 788 971 493 306 767 270 394 108 633 571 758 828 604 126 110 566 674 34 599 908 305 413 644 713 203 777 231 711 274 839 981 242 388 593 245 217 979 124 244 169 497 457 112 104 405 322 826 141 653 202 989 307 467 30 970 948 213 174 930 476 872 69 609 891 477 464 504 141 818 137 793 725 571 458 639 555 628 791 598 412 822 814 171 765 203 380 496 125 734 184 142 389
649 525 975 126 232 942 591 680 949 225 352 394 622 15 543 252 730 374 853 839 731 450 811 247 303 851 798 809 626 245 147 593 114 334 225 599 528 124 353 583 1000 633 105 873 773 152 635 84 468 379 778 741 529 617 453 79 988 244 787 957 67 988 147 799 157 889 223 65 814 681 71 834 778 494 285 732 586 9 473 813 120 483 876 691 184 923 251 155 422 226 956 926 975 738 318 713 643 259 723 273 3 327 879 404 658 543 70 638 154 757 627 138 258 686 363 179 917 621 738 637 403 538 499 106 649 740 995 51 599 973 22 186 526 430 580 134 860 213 917 318 533 496 644 411 945 510 452 767 46 352
819 601 361 162 563 814 168 551 764 265 376 35 272 651 321 427 934 859 627 43 214 754 697 203 254 381 668 484 998 651 124 915 728 145 471 612 886 93 377 347 482 479 495 348 989 76 321 962 547 332 689 342 407 395 30 502 708 756 425 690 429 902 254 449 570 782 361 762 505 2 531 579 356 905 781 519 164 735 86 432 866 761 249 313 735 847 344 277 762 699 792 127 763 39 477 375 92 787 884 811 232 625 272 762 864 527 750 568 648 816 94 433 942 954 556 366 287 976 315 668 41 319 423 36 838 733 587 617 201 785 741 521 164 989 522 782 390 284 426 51 844 488 340 889 374 698 471 847 687 323
546 440 99 458 419 306 831 687 153 957 903 202 323 104 42 158 417 593 803 858 319 636 414 497 421 620 690 33 646 229 937 613 374 860 332 393 118 525 390 501 475 52 833 781 26 54 234 834 439 330 305 563 189 104 414 597 801 625 845 679 300 427 83 263 557 610 469 656 92 46 596 841 695 214 167 519 33 624 187 417 767 856 804 846 858 695 116 35 613 354 403 252 757 492 893 120 436 808 863 978 118 260 873 644 33 620 382 715 666 339 843 551 594 376 691 25 519 49 745 977 498 351 250 95 923 449 31 807 907 22 646 958 820 464 152 596 743 865 982 499 156 270 74 659 849 712 190 325 610 102
377 314 982 837 421 358 713 442 621 226 886 538 424 402 791 738 621 84 414 476 664 240 834 200 848 41 465 567 133 391 120 249 66 940 786 799 202 778 389 118 739 441 596 388 411 288 213 532 343 565 114 929 305 694 884 208 365 164 717 561 716 138 657 294 788 806 465 423 185 736 854 397 372 721 58 613 524 545 163 624 356 696 424 733 40 559 873 744 46 888 534 901 257 301 15 905 676 651 886 119 783 748 472 814 621 101 903 337 423 646 32 584 317 79 956 392 214 978 582 719 553 220 977 351 219 514 562 96 933 241 649 40 132 409 726 433 234 470 116 978 779 517 205 45 171 658 141 860 379 290
767 208 18 156 37 297 809 810 261 416 283 484 717 922 592 10 625 734 610 258 80 178 876 860 91 450 745 956 508 161 225 20 663 151 875 841 476 106 3 792 558 337 340 654 20 655 907 633 489 902 511 950 743 40 586 204 566 490 22 702 259 843 506 253 220 952 522 848 144 833 204 210 459 290 916 682 241 259 903 738 703 632 638 396 287 509 190 385 431 818 231 520 874 581 88 205 802 30 940 361 758 740 63 126 177 850 242 920 439 762 402 901 268 22 11 980 238 428 157 130 460 501 752 81 743 427 428 710 285 622 150 107 97 672 664 786 764 105 617 54 845 412 781 459 77 366 725 920 883 624
840 638 929 623 443 718 935 50 235 181 964 982 685 980 571 435 585 823 916 360 201 585 590 561 415 201 365 516 742 909 428 868 621 611 849 321 327 797 738 104 797 669 128 286 934 70 542 585 156 608 583 138 727 809 141 528 655 767 951 648 359 355 635 316 150 671 392 270 306 860 172 220 598 714 952 277 248 494 537 536 997 217 433 881 572 261 544 24 98 139 258 117 197 528 869 8 813 16 382 256 131 334 934 685 831 325 135 901 722 134 112 245 354 849 303 661 622 860 316 205 912 182 978 769 827 584 154 582 747 247 742 768 866 152 507 820 159 644 401 827 215 548 431 807 489 9 610 958 512 807
69 64 838 410 744 667 967 18 62 308 869 176 37 302 139 208 976 493 164 876 355 188 549 146 372 491 253 810 101 16 210 402 635 841 383 941 713 257 557 288 796 200 315 185 269 685 715 145 290 12 132 202 148 513 361 641 742 350 939 758 641 526 495 173 401 647 979 389 996 943 549 155 220 930 327 598 311 385 669 400 693 196 883 775 427 754 267 559 695 612 88 17 710 371 124 358 260 424 796 512 128 524 444 163 771 822 279 629 443 191 310 303 433 580 773 116 185 476 345 299 568 130 668 365 76 746 353 313 231 12 303 760 979 210 737 411 388 490 450 815 431 822 909 937 913 790 96 672 439 660
76 429 738 585 995 955 928 919 70 704 317 763 742 471 425 607 559 280 317 976 332 96 552 10 904 28 234 440 389 410 330 240 299 637 89 513 815 626 357 880 996 841 134 686 285 479 140 581 838 728 271 270 856 724 185 282 939 459 478 687 621 942 721 418 45 923 324 939 193 822 758 17 877 868 133 95 55 560 207 422 381 157 226 439 238 770 751 507 32 696 236 452 577 4 676 615 456 375 855 723 605 182 101 965 37 646 430 105 656 556 206 914 156 14 156 432 167 904 505 323 129 726 90 893 463 919 363 778 992 997 994 960 940 153 150 813 673 238 306 696 688 545 519 521 156 359 136 116 252 472
66 471 857 652 84 47 453 944 772 785 297 166 644 196 263 418 999 125 701 849 654 966 368 58 508 979 985 414 572 428 639 297 213 308 268 288 440 113 26 936 266 256 567 260 662 359 939 889 891 623 520 965 882 233 24 932 626 571 980 480 524 50 176 173 933 158 407 330 666 427 749 326 349 16 675 907 621 538 219 10 650 552 436 912 223 342 519 570 49 610 611 603 33 953 987 815 31 241 649 458 170 23 871 439 588 129 631 67 417 466 718 34 392 453 869 6 845 690 397 326 249 887 730 581 797 847 243 845 291 786 402 894 447 492 996 264 67 967 748 511 370 215 541 930 427 973 748 940 121 571
551 363 392 687 183 466 357 809 907 796 941 415 230 9 66 283 692 838 445 222 616 506 690 482 912 671 922 428 362 43 499 843 248 252 114 638 392 678 374 87 449 933 34 773 336 759 305 713 504 932 561 224 463 429 835 589 844 595 640 460 323 745 916 824 157 225 228 590 68 675 354 697 837 894 263 416 847 943 837 459 680 136 539 234 821 596 482 977 920 188 42 233 732 949 379 523 345 277 244 701 641 58 293 908 621 95 350 913 982 96 63 292 89 830 825 870 535 727 235 213 812 801 967 394 214 211 395 585 577 604 999 229 928 588 704 11 401 65 684 244 93 664 643 631 142 2 630 954 325 745
70 564 798 315 844 594 849 261 146 841 703 929 313 931 788 35 385 828 751 101 624 955 811 64 999 138 704 631 602 736 508 102 324 56 52 864 634 870 396 89 167 875 301 389 697 989 602 425 565 816 576 135 337 332 129 819 704 449 487 722 80 422 757 354 829 900 240 309 790 556 637 826 535 301 383 828 463 314 755 801 809 546 363 835 940 620 802 789 438 375 943 980 452 130 535 140 984 635 140 488 304 389 453 612 890 292 444 274 44 341 838 193 494 784 223 501 454 892 466 187 830 92 809 144 476 6 832 472 506 679 262 286 877 92 295 759 876 650 829 492 772 229 83 946 159 996 60 115 558 56
882 523 867 75 946 735 950 447 492 958 356 493 70 271 651 309 683 422 104 877 289 618 684 157 411 953 614 252 682 267 724 276 288 889 198 467 577 580 860 591 206 37 841 749 217 324 824 610 359 803 846 135 623 197 843 35 623 299 782 855 355 227 950 647 89 13 176 251 126 994 620 690 38 317 161 750 298 819 626 928 2 194 339 224 470 906 862 514 910 202 195 803 37 981 575 240 838 78 651 137 406 358 104 309 451 328 980 777 936 446 732 990 391 306 851 555 362 946 247 811 837 817 233 660 403 496 110 207 4 379 327 414 808 505 252 646 913 693 835 241 882 968 904 926 517 971 367 265 790 170
436 599 965 34 956 670 763 525 981 870 497 284 690 139 121 116 642 958 283 692 318 151 803 456 792 513 257 738 884 289 251 943 576 295 116 885 648 475 10 208 803 388 317 208 692 652 412 986 184 326 739 660 839 614 389 878 889 434 306 902 342 963 119 845 372 319 748 889 450 584 279 976 779 505 191 532 813 385 481 119 918 127 234 134 743 968 699 999 855 14 199 389 168 426 191 503 265 371 415 296 959 442 186 619 201 726 978 422 644 916 778 71 889 926 113 117 692 857 72 940 753 886 354 603 456 582 966 619 396 282 482 463 133 872 167 606 314 503 521 212 579 29 984 942 455 774 366 157 851 655
222 350 303 528 658 872 229 134 254 839 83 691 280 907 232 151 538 616 379 324 65 896 502 410 239 921 144 303 406 167 524 770 397 177 131 25 551 742 504 583 942 25 350 96 29 566 236 800 14 97 367 68 653 999 193 388 999 49 429 66 93 891 28 788 467 390 96 566 231 145 253 857 982 585 973 984 848 904 64 49 657 261 536 947 222 495 451 687 73 741 241 206 159 883 783 962 274 41 638 140 859 655 668 582 218 889 522 160 853 688 985 84 295 327 463 950 517 502 838 903 299 889 733 347 63 987 635 74 417 323 755 911 910 118 374 525 828 623 848 674 158 123 962 432 932 933 276 380 12 689
437 552 43 987 967 302 538 803 778 163 109 909 260 881 829 852 403 890 961 940 607 977 832 433 886 395 810 319 693 543 600 584 537 187 650 349 365 308 702 608 254 361 347 548 123 487 773 492 221 449 689 693 989 13 809 311 478 573 698 601 805 188 645 139 716 983 71 61 416 706 998 605 615 305 329 293 906 664 153 538 161 178 58 594 676 476 508 412 492 792 41 659 893 574 442 444 525 667 860 920 99 914 591 575 475 731 191 642 509 64 901 43 324 863 282 439 397 79 225 240 546 492 707 706 378 774 933 162 875 234 491 363 572 27 328 333 423 423 126 718 348 605 575 770 730 83 94 843 714 271
374 984 360 539 351 875 169 755 86 345 924 887 868 183 298 80 146 49 143 273 114 949 560 241 972 576 446 877 86 125 241 83 321 461 432 586 150 154 891 293 495 245 20 232 113 978 348 931 514 144 508 649 997 920 624 341 351 660 330 916 417 184 798 973 783 274 475 361 810 561 507 784 61 293 607 262 32 549 866 49 785 712 519 696 14 229 215 686 883 422 145 57 553 436 625 956 952 532 62 696 149 879 124 284 188 915 263 109 778 79 519 13 696 445 369 906 894 167 622 616 77 346 835 822 165 862 659 244 357 850 801 171 187 90 795 659 162 127 940 737 237 961 925 953 655 762 414 214 887 881
695 74 722 435 96 791 194 244 667 957 917 439 420 555 689 111 630 964 617 500 774 113 165 708 934 775 931 649 88 179 638 591 285 780 310 128 828 782 141 697 919 518 301 47 552 783 957 796 617 753 643 47 706 227 475 822 674 330 626 75 181 471 949 902 745 996 813 973 311 619 23 434 742 571 403 565 317 454 222 61 97 373 425 162 321 858 22 264 723 268 104 590 224 369 890 35 248 885 458 874 102 250 968 885 484 996 308 469 807 195 936 511 182 908 152 404 997 242 936 903 348 589 257 678 379 902 758 436 607 591 515 993 786 481 248 746 358 176 885 751 365 204 939 402 627 658 362 437 445 385
250 974 181 130 403 941 36 653 908 634 711 3 744 854 16 806 264 233 491 752 10 559 18 876 224 389 184 893 969 205 705 822 449 620 166 748 901 109 638 700 617 778 754 443 104 886 522 959 765 582 328 711 905 222 668 318 864 27 457 176 238 570 709 703 242 470 60 712 622 527 571 812 507 485 776 940 854 126 677 805 189 933 187 285 719 869 309 504 632 865 459 913 884 537 981 186 580 435 568 161 103 813 709 706 696 956 179 218 741 316 657 463 306 660 693 573 955 460 54 602 331 651 954 139 757 496 590 659 490 591 946 31 647 771 601 502 969 472 575 821 225 408 293 865 512 119 436 410 456 692
441 286 446 475 211 805 168 155 204 759 704 580 445 85 893 287 646 12 154 588 480 497 837 271 919 610 773 78 95 625 946 5 949 341 649 221 917 416 154 530 530 880 702 916 73 2 416 758 711 718 129 667 401 206 756 686 987 560 425 720 732 119 641 387 752 16 843 610 658 413 195 287 439 443 682 268 916 203 94 120 110 118 833 955 663 378 67 2 646 716 186 339 318 151 231 112 412 307 673 11 864 213 479 223 534 318 2 281 723 78 953 162 271 616 42 348 541 921 686 493 337 166 586 956 528 585 505 795 655 223 678 687 420 878 40 9 167 849 60 746 344 543 16 335 56 102 137 19 463 443
882 784 489 375 165 448 79 652 516 816 839 356 664 251 313 823 992 793 863 255 214 519 424 141 615 1000 428 441 257 283 236 971 852 197 808 725 227 151 675 329 311 374 95 277 392 768 580 901 235 591 98 313 741 88 149 161 632 750 446 183 857 338 718 707 681 329 564 827 649 998 268 773 190 835 648 488 282 838 20 280 201 267 325 222 64 472 54 568 224 744 930 218 587 28 60 124 63 476 39 471 405 563 494 112 35 762 658 215 706 945 234 757 816 764 929 874 690 1 388 732 334 928 679 848 489 578 574 150 433 871 524 462 183 171 560 954 621 793 379 670 762 382 114 913 779 196 804 766 55 330
189 515 225 704 710 291 504 225 33 806 43 479 125 624 567 669 123 959 985 842 571 433 187 142 799 215 402 647 998 643 70 862 57 692 471 685 642 300 670 585 68 281 328 332 740 87 198 220 865 842 763 18 8 405 863 987 921 760 61 916 366 938 860 730 102 282 95 981 789 81 407 249 785 952 421 56 530 7 169 343 483 586 37 47 890 789 165 276 469 498 91 612 777 539 327 872 322 542 601 969 663 700 957 925 953 152 761 155 215 394 182 813 827 858 631 378 950 862 759 313 760 536 5 296 575 430 208 490 766 964 711 151 29 309 240 464 710 841 695 527 682 114 855 280 562 805 438 845 539 918
773 745 731 39 709 336 998 64 653 382 843 710 110 732 767 297 231 724 795 148 707 84 705 996 640 41 68 792 743 733 90 265 654 212 823 178 803 211 578 533 47 299 5 535 246 596 733 820 390 803 33 63 330 800 575 752 35 704 378 874 498 407 526 539 416 924 224 122 82 736 71 813 474 590 965 426 465 522 322 907 971 441 74 161 705 798 790 915 228 578 909 683 917 685 621 159 579 473 378 910 568 882 606 261 34 347 496 688 498 280 952 80 480 693 51 899 155 915 447 524 393 388 941 538 763 687 872 374 350 365 281 899 737 749 255 419 517 697 294 761 41 200 188 937 260 165 635 319 366 29
789 320 254 828 736 997 971 610 223 825 158 785 871 118 246 773 719 450 658 301 746 11 103 747 908 150 194 885 262 95 112 282 253 803 477 234 729 680 276 43 152 169 710 988 901 841 852 112 110 821 918 941 898 943 741 232 742 593 962 153 646 723 38 735 53 14 743 74 440 64 778 240 281 348 577 486 754 362 84 664 425 256 634 998 870 216 499 89 718 564 585 326 381 675 777 287 334 881 439 563 336 609 738 150 370 851 288 755 877 439 237 912 908 350 727 457 162 964 373 961 144 616 415 962 132 651 137 941 559 214 514 500 244 651 697 525 115 578 96 506 98 928 342 931 211 991 643 337 763 330
67 377 346 28 772 74 994 865 75 542 581 576 179 264 485 525 189 713 143 150 973 533 832 258 159 495 381 277 522 45 766 12 635 543 826 392 147 506 293 165 764 940 531 874 347 976 75 542 352 115 696 89 653 346 117 483 802 392 87 744 976 255 456 813 215 138 884 43 842 753 927 14 274 485 188 416 961 870 370 237 630 451 601 361 962 814 492 57 984 298 535 512 279 791 614 292 974 634 828 513 853 380 390 723 843 188 668 808 759 16 831 914 398 928 619 696 998 240 668 413 707 409 471 202 433 619 207 142 173 444 597 816 115 600 546 656 364 277 314 378 729 550 930 622 238 498 284 166 903 697
168 892 891 519 414 545 923 729 486 1 833 287 942 553 409 415 670 920 135 989 235 531 788 162 787 592 447 575 978 697 309 712 959 643 90 408 531 62 645 874 789 558 2 966 861 493 776 838 452 664 494 790 239 852 202 52 302 351 217 364 928 585 973 886 344 144 689 472 530 178 596 592 165 535 320 274 7 198 722 256 40 336 75 460 866 627 843 43 899 38 152 422 409 315 700 909 818 535 634 860 727 898 693 664 7 21 895 778 8 13 75 791 884 894 444 518 181 287 806 641 323 67 312 567 954 238 958 969 148 635 564 958 807 454 359 689 7 395 9 261 999 25 317 310 30 578 621 453 137 177
423 183 502 560 163 222 454 394 268 31 460 922 969 987 555 275 422 707 383 295 458 283 663 318 919 216 431 403 502 742 289 215 845 809 483 311 144 18 7 96 516 484 175 384 52 613 819 227 194 163 976 311 143 307 707 69 243 993 890 730 192 812 577 477 598 178 900 583 505 788 473 417 952 14 20 703 192 255 73 689 319 490 428 830 481 496 589 18 229 670 338 204 737 952 821 879 292 261 291 554 580 811 218 147 465 331 111 123 666 367 830 608 809 456 981 23 454 909 451 85 456 954 433 605 299 291 758 824 994 599 36 10 824 352 471 510 181 304 251 623 487 311 174 106 638 931 751 365 100 716
86 430 949 704 357 315 461 95 408 957 411 636 239 443 127 943 533 19 842 395 674 436 429 123 274 580 884 834 621 172 439 802 69 338 440 365 781 350 70 361 674 462 282 996 376 668 863 312 380 395 161 684 145 409 436 571 101 449 174 168 512 925 234 589 558 36 294 444 185 864 744 165 822 929 234 151 848 390 136 113 115 120 939 227 56 718 470 716 459 180 985 526 456 592 699 117 216 532 324 50 322 823 251 650 406 568 302 109 650 573 713 321 586 756 164 262 481 966 860 598 347 326 288 623 165 928 230 838 450 802 960 909 752 842 281 241 319 552 939 83 560 636 357 239 490 436 567 727 538 583
869 825 329 755 49 148 919 798 122 754 757 95 809 317 309 66 396 223 912 339 208 638 474 857 991 489 92 721 901 826 635 481 912 210 250 498 916 900 151 643 387 932 8 642 701 13 538 809 84 290 175 740 899 103 804 155 625 116 162 213 800 782 690 80 91 743 603 183 26 401 702 540 563 686 146 219 346 323 590 947 972 980 617 421 811 314 999 195 707 382 800 107 153 577 190 7 829 636 736 155 215 744 663 195 785 973 530 742 709 519 10 128 721 124 200 581 511 881 992 780 598 463 332 84 205 414 815 785 808 420 624 276 232 909 144 588 363 603 415 516 560 830 535 207 662 79 140 281 976 654
727 604 204 918 936 17 107 999 899 866 348 688 203 725 266 170 357 87 37 892 608 898 513 268 208 14 25 663 771 686 929 492 166 891 615 949 479 49 549 489 558 363 177 107 608 303 602 263 742 450 597 223 744 902 108 926 781 922 149 694 963 886 831 99 423 207 783 471 567 369 516 570 923 816 497 402 614 770 467 154 154 364 294 985 469 165 481 801 904 217 698 962 497 195 396 679 63 469 931 586 120 486 192 389 400 724 318 349 964 117 981 926 177 487 762 745 21 357 551 233 979 202 691 413 551 846 568 821 128 441 628 94 763 82 229 416 818 787 197 66 436 585 665 516 537 1000 227 359 665 92
418 247 455 69 820 254 541 178 354 482 478 434 993 845 887 527 392 606 211 270 385 534 569 134 54 773 242 167 198 250 365 66 557 46 470 296 272 457 479 370 285 878 936 716 95 235 649 627 180 501 465 986 795 135 193 374 582 482 673 150 906 129 256 446 38 811 188 724 131 405 965 239 566 676 926 684 371 81 501 836 967 225 440 230 90 639 817 971 788 7 16 440 788 665 105 503 782 555 207 741 214 684 932 434 481 530 440 939 612 942 693 459 548 960 882 74 550 534 22 887 569 711 268 567 751 801 174 652 742 549 727 401 317 699 718 277 601 196 988 139 708 573 92 365 206 741 738 670 857 645
201 77 222 586 679 465 770 915 396 405 552 898 570 337 152 820 882 849 674 976 654 322 187 807 464 847 169 114 293 120 780 808 908 155 520 86 283 80 580 63 886 221 757 672 360 316 744 304 909 251 994 35 496 103 638 711 66 481 588 43 9 399 305 210 535 451 494 392 280 306 914 602 577 665 783 106 472 482 264 441 945 553 211 351 131 278 436 744 406 158 192 145 644 700 409 836 236 127 214 161 167 835 47 170 756 918 494 943 617 102 356 16 744 587 532 301 538 134 879 367 781 39 847 926 968 460 509 955 388 494 497 94 951 322 84 21 204 450 156 501 479 539 126 553 633 611 119 77 322 829
803 446 878 399 219 246 114 96 790 689 833 42 667 794 599 452 853 728 156 277 353 585 321 883 819 733 140 224 565 92 393 318 579 206 313 150 482 205 963 103 921 753 825 408 562 472 495 312 977 115 747 515 399 395 120 648 523 659 760 295 873 739 245 122 836 990 426 816 905 553 447 914 289 728 259 451 384 518 167 657 652 901 602 710 890 629 11 933 765 827 925 877 280 321 805 744 932 420 126 553 539 878 23 138 254 703 465 20 116 666 577 84 753 80 496 192 633 474 112 315 539 455 796 75 731 932 477 485 774 510 939 643 379 730 420 252 658 661 215 40 128 957 651 158 967 776 497 410 559 833
998 239 318 21 11 554 659 985 850 803 358 147 514 920 822 573 355 166 498 114 905 15 289 709 157 469 413 29 559 57 664 244 464 504 513 312 918 731 680 327 396 732 14 963 858 708 103 62 899 605 837 496 619 510 1000 967 323 444 819 873 115 851 884 985 836 250 887 72 290 108 448 526 5 564 399 758 307 789 809 290 759 347 219 858 641 789 919 557 252 745 546 875 876 869 691 868 66 850 637 848 555 408 207 733 774 876 847 224 99 293 967 454 960 400 40 392 174 681 112 160 721 537 506 911 757 387 334 37 146 22 686 52 11 882 335 772 866 445 742 947 757 549 901 573 146 968 334 842 412 11
766 625 465 903 928 416 595 122 421 457 82 979 351 1 287 222 828 257 165 162 858 38 385 812 718 750 115 43 612 168 66 811 232 124 133 548 822 910 674 381 208 295 662 796 124 613 830 953 102 936 226 576 191 356 532 986 690 471 305 210 774 1 628 251 354 564 202 531 189 247 623 238 487 506 624 551 816 720 4 465 763 878 297 474 145 681 296 660 166 547 672 626 143 645 486 576 606 874 270 357 595 755 276 162 525 190 888 404 898 664 903 861 810 143 592 758 164 509 86 626 809 14 243 482 999 64 324 10 545 485 30 426 697 967 784 727 774 702 590 43 792 245 578 108 245 424 921 120 443 207
663 132 166 940 725 71 451 640 336 753 785 196 452 282 287 604 58 672 177 945 950 418 409 951 94 232 248 533 539 264 444 894 201 993 847 376 742 398 367 76 540 211 622 282 383 517 57 381 41 940 913 165 846 57 94 492 702 578 508 235 939 726 929 285 810 442 45 603 219 274 972 415 647 972 486 925 689 883 598 667 588 481 768 658 938 507 82 765 79 167 981 961 35 246 920 702 469 728 273 50 187 852 44 138 579 705 465 444 536 391 909 464 72 116 649 117 306 268 697 756 246 159 873 107 547 727 885 652 39 187 816 827 782 292 856 358 467 851 197 696 713 582 831 430 592 998 267 21 203 731
599 587 964 907 173 410 439 96 969 17 937 866 336 148 344 44 165 155 641 456 760 450 466 724 352 301 31 702 695 980 301 572 711 517 959 216 44 884 497 787 513 477 719 718 164 704 617 823 942 257 320 205 466 842 51 182 6 909 555 627 988 172 942 73 729 922 226 691 574 547 531 171 349 497 184 996 402 485 813 505 638 433 980 62 488 445 130 551 547 808 544 106 250 885 304 590 160 138 324 149 167 756 673 199 685 493 252 596 147 241 604 658 712 268 856 461 994 536 228 566 148 771 10 954 879 723 433 952 382 829 597 762 320 267 817 929 382 779 720 508 750 348 7 122 70 312 587 806 715 364
501 986 867 117 488 421 422 475 416 659 329 713 599 444 159 260 481 571 451 288 675 179 469 612 528 375 942 747 467 779 444 347 642 115 218 875 50 355 70 565 568 442 516 38 548 93 637 931 566 706 427 498 764 534 365 450 373 14 518 2 55 133 688 298 615 264 771 581 559 592 297 816 669 30 720 423 561 629 143 269 787 538 818 475 468 217 775 885 964 968 725 530 768 790 343 474 861 941 949 362 378 13 471 580 139 133 655 168 389 419 765 709 678 937 900 905 46 292 314 334 408 901 601 893 905 766 390 8 583 775 983 26 972 699 232 806 931 697 6 999 788 335 483 10 588 560 309 749 250 239
279 419 265 407 229 395 195 705 251 185 671 409 832 293 671 787 87 343 671 40 80 280 474 837 338 940 780 249 506 188 608 580 508 358 511 177 691 415 432 971 467 102 71 128 710 455 300 890 880 503 403 760 586 853 979 127 727 755 32 854 653 273 434 537 80 224 348 629 923 259 51 196 283 309 393 695 860 375 213 312 890 148 808 712 67 703 284 570 702 922 952 814 420 824 646 299 950 261 832 11 317 738 312 980 165 149 564 548 792 666 5 506 787 932 846 324 978 591 157 708 636 665 526 515 844 151 198 300 319 476 467 509 797 706 760 81 203 58 188 568 916 410 244 372 532 661 831 319 763 215
479 930 676 401 519 81 636 269 286 293 845 505 527 547 925 637 686 2 723 489 591 380 860 363 5 488 52 838 696 365 409 847 913 241 844 660 689 556 147 221 717 96 426 357 755 459 826 160 349 724 560 59 823 303 618 165 625 555 384 647 865 827 965 464 296 804 490 321 621 231 882 882 571 308 787 785 64 699 982 717 349 117 221 904 5 331 969 99 661 873 395 275 673 305 588 580 147 782 897 672 278 700 411 598 64 727 139 578 525 834 829 391 793 765 101 896 882 469 90 366 538 771 63 402 679 391 812 548 546 87 465 32 350 499 275 540 703 514 189 538 516 581 600 558 81 893 863 549 669 999
880 409 724 805 156 384 509 952 245 709 284 834 660 273 309 605 265 812 806 540 812 643 271 408 288 50 986 236 276 85 940 312 665 396 678 405 496 795 984 398 54 536 601 460 414 987 533 660 146 464 286 738 800 729 135 496 556 843 570 332 432 941 520 36 768 485 986 453 182 47 352 829 256 192 32 730 611 979 237 266 63 916 258 32 668 660 89 745 235 713 380 568 720 901 799 784 563 526 545 247 209 281 589 804 160 158 24 837 939 101 506 843 22 853 25 707 622 469 442 647 698 812 728 15 854 178 439 747 34 595 464 557 407 247 305 504 636 98 190 248 760 591 740 82 690 424 39 907 201 805
551 605 988 357 18 950 435 915 148 275 946 453 501 548 475 21 633 920 462 914 717 357 292 248 584 349 809 535 316 516 255 16 42 492 311 60 575 767 978 287 151 866 622 254 913 849 64 183 345 286 292 866 518 866 910 382 665 381 5 285 783 128 213 743 288 958 133 530 102 613 342 705 976 290 894 856 60 425 950 232 709 579 495 648 930 120 536 197 540 378 904 223 399 847 602 28 226 826 454 813 817 325 667 104 596 517 755 995 100 767 408 610 384 464 647 596 505 348 602 375 969 818 936 542 990 21 890 400 538 53 876 204 896 327 717 480 493 545 194 50 213 524 514 223 434 689 624 515 707 128
545 724 872 700 791 60 177 730 863 845 464 842 156 903 390 998 597 6 346 521 474 6 555 563 847 441 340 865 353 639 854 927 382 372 720 870 687 830 361 853 827 420 440 596 40 238 44 394 530 921 690 478 781 429 111 309 606 715 535 942 155 973 15 7 936 718 701 36 745 494 849 191 90 716 944 280 929 541 830 601 215 232 24 69 431 960 751 588 788 25 887 736 1 189 135 111 422 796 46 434 493 824 767 452 830 125 650 554 235 271 158 17 541 856 663 181 283 847 484 769 912 916 621 547 862 833 735 169 458 502 305 79 756 133 142 972 611 679 246 329 260 15 110 917 723 7 119 277 176 657
56 400 829 585 460 900 888 626 187 913 847 787 819 349 767 521 855 873 63 62 840 415 5 443 351 880 127 260 762 164 285 328 475 945 415 629 570 258 218 461 205 754 752 711 443 481 718 837 150 821 366 972 206 443 182 156 153 698 569 395 536 727 947 889 674 540 14 506 766 992 517 264 744 41 920 788 189 707 4 416 185 904 933 750 359 656 39 924 736 243 666 231 483 595 577 595 66 800 588 326 216 554 421 298 690 952 888 26 244 779 341 483 436 197 971 814 111 530 816 587 447 926 356 987 709 957 457 165 64 372 711 21 972 94 84 372 998 884 99 221 375 859 953 308 884 608 496 874 679 274
46 445 502 41 215 534 836 852 347 762 783 112 298 632 125 651 128 140 20 521 381 518 195 879 265 839 349 642 357 249 701 330 979 476 196 630 44 314 951 888 906 244 277 412 88 641 404 883 746 579 199 109 600 467 309 694 254 164 221 993 996 661 259 977 164 743 438 244 816 490 452 750 370 171 194 76 310 764 305 216 209 858 814 522 481 486 238 5 988 978 223 243 166 653 579 183 901 933 874 663 421 263 149 882 234 625 184 886 256 642 91 480 387 300 699 853 252 933 199 497 455 980 951 474 31 544 299 477 445 613 354 169 378 762 441 149 398 512 810 753 308 783 510 262 899 176 379 19 965 714
227 947 791 653 994 342 707 265 688 935 521 335 289 326 266 614 929 24 130 207 63 57 193 741 925 280 149 624 851 908 123 962 334 203 188 638 930 958 775 467 428 347 577 600 8 673 872 761 959 480 285 771 598 548 56 364 309 52 890 216 902 566 481 456 873 921 526 693 204 934 291 138 43 255 544 906 301 912 215 880 754 219 857 790 445 185 510 647 20 203 473 11 569 439 351 428 976 297 628 399 50 508 119 503 528 571 108 561 632 199 790 676 866 446 59 324 442 882 262 503 68 104 415 238 383 666 401 930 443 360 389 304 477 392 526 921 948 874 976 308 682 676 737 558 62 255 361 71 361 129
45 922 660 242 208 130 110 278 749 152 778 318 885 94 609 560 426 221 938 396 62 20 93 573 808 204 148 705 331 586 97 484 44 178 433 739 424 89 554 949 158 957 169 664 708 855 439 298 284 254 76 935 28 384 482 645 15 414 664 139 410 629 595 790 460 601 608 995 883 401 891 467 930 794 459 638 298 335 29 238 520 254 618 217 305 860 180 632 232 518 925 512 820 838 229 921 883 380 831 26 721 407 349 752 207 661 786 949 661 827 976 776 470 312 155 625 573 466 181 950 609 211 175 64 583 409 446 897 205 493 175 958 161 201 312 130 521 581 523 163 805 985 288 888 243 274 409 958 66 805
468 435 862 668 413 735 375 975 440 378 412 938 577 745 943 110 381 73 206 716 876 569 290 468 426 457 221 22 279 191 20 570 903 936 968 410 672 631 228 349 497 219 831 593 625 122 253 276 35 795 401 953 175 873 202 466 656 659 872 525 429 712 164 498 620 803 564 467 725 53 470 655 796 814 478 634 50 915 964 553 494 478 341 969 777 840 297 919 419 896 577 93 507 566 329 403 415 543 766 407 945 162 509 52 23 789 209 686 783 175 36 724 956 975 914 256 651 326 316 423 338 84 425 216 456 50 120 949 615 984 246 741 162 114 157 411 666 732 448 890 180 374 982 23 338 185 191 48 830 305
436 973 867 473 420 35 275 28 690 690 199 460 822 530 601 781 908 464 487 868 341 11 374 228 124 628 722 597 122 647 794 183 89 198 104 401 711 855 186 248 422 840 361 963 488 662 793 286 278 201 54 631 391 839 485 358 469 370 583 774 211 154 554 761 861 118 275 661 785 76 634 765 818 396 11 622 523 853 303 227 540 18 575 68 604 203 272 938 764 531 30 32 994 516 588 769 506 307 662 22 267 58 934 649 123 37 549 943 395 32 679 73 600 429 25 250 969 356 790 334 891 927 414 235 546 313 132 896 367 921 368 517 920 643 322 963 974 954 243 964 470 115 368 122 213 151 18 616 730 608
327 105 418 639 157 208 164 553 56 687 184 445 981 638 953 324 736 195 999 363 437 543 886 793 108 597 764 996 927 542 469 67 179 170 212 94 117 885 253 799 335 469 102 796 45 552 536 332 329 217 859 758 364 515 123 730 480 463 349 543 187 233 983 936 526 4 722 866 168 875 574 664 545 228 237 793 373 838 640 252 141 307 693 346 880 28 358 700 413 28 940 219 998 975 849 501 522 60 19 43 293 699 678 593 530 624 606 331 643 28 571 748 250 179 801 132 455 916 908 9 786 169 908 467 685 961 760 244 587 230 648 20 743 919 482 969 322 526 362 854 131 221 396 585 193 824 82 360 195 562
330 644 467 335 996 60 520 460 195 356 903 598 559 549 820 539 328 668 362 737 128 935 612 312 260 572 579 507 679 683 29 140 789 169 877 463 57 219 325 305 819 871 758 518 739 892 769 12 946 587 807 702 466 564 210 67 609 71 100 995 898 713 78 973 888 303 372 398 700 155 806 482 2 901 863 743 279 369 996 813 655 529 937 769 686 471 264 530 580 54 848 121 112 602 318 112 886 729 707 470 474 46 889 391 474 464 221 159 232 13 311 188 684 999 114 263 651 484 396 934 914 584 93 344 803 610 154 321 183 452 192 164 542 232 584 253 114 175 235 195 274 372 233 600 602 595 363 152 186 188
724 457 764 40 216 188 512 11 30 998 726 208 772 539 215 104 547 692 80 980 276 119 685 251 448 937 496 242 38 489 992 126 187 855 469 890 224 348 464 745 834 830 302 104 386 928 519 381 141 690 237 346 391 744 303 673 804 273 80 733 116 142 631 347 200 975 195 524 232 972 976 906 920 344 472 187 591 722 99 776 214 662 69 265 664 583 330 522 511 170 160 235 818 867 654 367 429 277 731 748 536 836 654 864 86 155 606 122 839 50 473 983 304 744 907 230 719 539 757 736 358 484 63 975 930 97 448 182 320 666 416 327 667 895 539 882 530 649 583 44 569 993 82 134 948 463 739 46 800 269
454 329 755 768 211 964 872 228 730 504 989 221 258 229 184 684 360 474 425 69 277 368 775 50 713 143 712 431 796 315 321 688 761 620 40 637 775 163 559 356 406 118 369 844 742 989 35 878 445 340 156 698 42 184 697 765 948 43 862 149 951 647 415 710 339 287 914 476 51 657 207 775 892 537 581 732 804 197 830 578 821 493 396 971 61 805 347 50 225 675 937 992 250 674 33 561 245 152 622 996 295 741 124 566 770 392 445 282 814 161 434 279 511 367 506 405 30 581 871 915 493 923 858 792 668 457 15 751 659 446 641 347 387 820 501 775 915 702 716 505 295 180 720 707 913 184 924 758 298 819
71 245 758 168 477 757 285 238 945 20 840 788 591 771 444 418 297 562 32 966 746 202 402 112 886 42 682 557 936 250 475 140 661 722 454 924 371 241 503 111 26 184 648 912 85 626 155 472 134 336 268 478 231 423 160 879 122 620 584 649 176 289 156 93 771 259 35 124 430 260 64 910 154 751 497 831 399 916 768 731 469 767 413 160 799 734 290 896 556 499 697 563 843 576 879 175 815 243 940 39 931 721 257 955 709 241 217 764 849 81 594 251 509 674 293 741 535 429 446 20 418 680 264 143 871 468 465 294 72 795 437 343 264 500 29 410 349 283 43 736 67 627 738 197 277 440 508 977 887 287
799 100 294 428 146 344 997 42 119 808 668 664 111 428 363 546 740 778 47 486 937 166 452 404 303 584 719 499 21 312 831 975 569 987 881 185 252 798 650 450 260 572 316 243 794 594 655 260 840 897 101 438 959 227 172 752 54 492 105 527 526 979 813 785 665 624 603 16 318 397 127 953 571 478 656 650 354 990 2 268 533 355 802 421 654 843 82 645 288 408 492 646 860 576 980 86 233 610 886 36 949 251 531 38 798 470 843 891 150 460 596 208 575 931 82 76 267 859 522 83 31 791 194 46 648 433 503 229 623 289 351 603 351 630 991 42 915 489 644 978 573 832 169 15 434 825 50 457 873 511
745 30 738 952 421 51 305 839 253 609 20 817 408 167 573 220 288 645 973 453 259 170 489 214 809 750 567 58 673 203 943 147 165 732 225 131 332 251 64 522 375 400 939 93 178 867 745 76 897 962 905 627 923 331 59 698 584 850 442 578 431 43 277 525 554 974 631 656 264 516 827 870 880 205 617 964 594 601 39 671 4 304 361 918 902 734 530 900 807 931 246 127 225 416 910 850 90 681 471 19 331 568 87 479 779 951 453 822 802 436 93 941 545 135 690 934 605 277 507 169 98 581 64 686 567 119 115 708 236 965 376 538 695 9 976 978 29 167 558 887 953 120 609 612 431 232 581 400 968 409
728 844 974 6 184 143 383 939 162 825 806 157 488 796 249 823 84 409 913 796 34 562 634 280 409 155 238 515 984 266 579 1 269 372 888 14 993 321 478 471 448 529 992 285 584 901 306 685 400 127 439 957 165 320 537 95 656 175 465 380 245 321 461 503 578 763 154 286 195 13 467 502 65 808 45 656 966 541 899 707 320 865 274 865 464 547 842 258 20 67 309 972 858 797 593 49 640 874 416 191 164 164 254 236 216 432 42 857 140 188 201 52 870 174 705 655 504 985 420 239 610 287 26 815 825 53 208 566 769 109 838 446 831 780 466 8 716 29 328 705 706 638 964 285 875 181 116 393 195 85
670 382 679 839 471 194 155 287 385 82 204 881 748 256 599 47 38 929 847 625 820 999 246 392 833 199 993 720 988 367 36 860 589 885 348 851 408 493 19 63 63 943 799 636 943 958 579 709 75 589 206 70 178 351 738 642 189 195 446 666 213 941 488 545 771 778 49 903 572 270 598 467 585 672 197 597 298 88 866 888 989 606 566 276 564 574 242 542 925 267 302 811 662 645 740 792 771 382 284 715 492 997 637 685 341 509 896 155 802 529 141 975 192 435 673 180 978 534 81 222 216 681 330 584 803 668 239 251 183 530 192 925 156 852 784 445 782 108 965 461 278 91 272 930 742 760 970 646 629 577
754 30 331 857 427 237 509 292 256 155 949 74 199 169 440 539 431 17 941 859 597 808 870 522 846 284 677 468 402 430 283 743 478 162 809 295 253 766 379 88 338 97 765 274 265 883 468 739 288 465 497 489 177 672 665 744 678 135 125 339 928 67 877 401 525 253 648 608 473 804 589 41 386 45 740 303 922 716 216 38 642 68 204 423 981 911 938 662 112 93 836 901 885 406 523 90 587 432 77 37 678 526 519 537 414 237 992 427 600 929 112 950 947 821 373 909 42 200 368 48 557 640 415 736 994 775 433 606 774 92 301 412 265 788 404 328 231 344 661 327 663 949 529 260 432 669 139 805 241 691
554 975 74 147 527 951 482 313 910 925 652 227 843 505 271 566 513 371 49 25 36 268 186 870 983 277 514 316 383 417 883 488 630 277 581 460 272 325 275 286 497 398 216 880 581 161 168 443 576 103 744 808 214 713 784 134 208 647 523 407 293 651 881 633 310 79 976 169 440 10 890 499 291 916 440 727 504 138 511 641 843 217 892 937 166 755 515 401 167 305 347 145 603 871 102 943 496 132 297 179 735 711 344 599 405 395 343 933 852 791 385 367 392 610 544 715 730 618 399 927 584 477 179 666 968 300 520 162 175 297 198 562 307 325 882 314 671 640 302 368 704 488 203 893 615 860 269 28 301 900
769 774 819 848 922 964 304 267 710 799 770 259 488 870 672 869 735 915 837 720 931 517 297 937 830 263 174 669 96 919 591 502 645 114 622 575 988 978 464 952 77 790 207 499 828 945 276 760 857 591 602 702 81 301 282 350 108 966 244 439 340 361 133 713 338 996 310 996 23 714 493 823 374 198 846 960 619 11 167 171 953 804 409 82 426 439 158 708 845 173 857 530 348 104 574 976 929 296 281 942 358 273 360 24 94 416 425 728 616 490 699 531 42 366 956 23 347 902 975 624 226 946 793 600 896 365 741 754 387 965 249 565 7 348 797 924 433 74 964 275 635 575 757 71 972 733 761 203 502 771
700 248 126 431 508 715 276 776 532 307 904 411 658 922 647 654 508 831 654 824 103 400 114 642 249 456 242 777 628 995 806 411 161 60 126 437 808 717 911 438 969 481 6 758 122 674 858 323 872 340 201 322 255 433 910 735 648 439 786 941 375 805 466 361 478 782 722 898 202 86 916 318 504 193 568 733 775 606 725 936 505 967 855 468 269 139 645 195 807 386 203 631 705 522 584 592 286 115 797 352 693 307 378 746 403 914 379 300 296 150 921 165 72 573 995 929 252 10 509 64 892 801 24 78 544 738 44 432 628 945 752 496 786 980 245 18 979 474 499 941 648 837 998 583 822 775 478 653 32 436
464 844 413 915 969 182 209 356 629 235 129 66 378 350 601 564 389 933 941 367 564 259 388 69 855 634 71 586 754 7 456 577 126 894 786 667 758 519 583 800 1 931 363 60 687 880 688 513 239 451 313 483 662 388 40 938 582 233 582 536 992 183 69 48 729 477 500 383 600 521 488 226 724 223 67 24 650 59 163 106 155 247 55 894 410 456 424 933 783 146 26 943 191 844 132 107 427 74 174 228 147 508 864 78 673 22 546 65 699 581 678 875 127 72 976 760 481 238 804 145 823 851 732 622 185 217 598 477 582 371 233 977 979 18 607 584 363 671 220 662 248 631 455 182 122 962 764 737 210 903
867 514 956 638 461 242 8 545 19 749 661 890 136 702 656 643 34 191 908 563 432 862 944 869 9 982 153 925 134 829 61 233 346 589 395 422 959 167 226 620 579 34 974 310 630 353 371 722 941 530 445 165 628 430 479 830 1000 716 950 985 470 970 121 678 8 116 252 969 799 417 215 99 219 194 484 661 57 740 780 997 482 325 117 791 849 936 315 622 200 4 923 910 737 267 548 161 785 226 825 624 758 20 97 826 642 770 643 578 907 290 242 899 431 410 758 2 323 188 551 309 654 190 300 566 941 196 290 409 981 742 795 64 577 74 889 154 640 953 984 929 660 297 533 95 562 860 599 314 623 358
581 129 141 875 891 728 898 411 337 735 886 948 788 858 949 535 753 637 421 606 848 659 904 591 628 968 533 561 724 740 174 649 412 746 316 771 956 592 621 277 131 584 996 885 765 435 429 920 711 158 848 604 52 680 710 753 845 575 9 137 382 763 609 695 837 714 39 104 255 4 300 808 376 649 676 143 764 56 456 497 248 84 188 865 837 581 647 864 456 357 676 442 899 759 816 487 5 232 483 483 605 144 245 376 396 29 981 190 586 238 30 671 816 444 972 47 873 951 706 879 601 184 545 948 768 698 332 482 396 559 56 9 200 782 126 576 218 521 3 87 728 72 512 364 595 375 763 511 469 993
687 567 483 17 575 615 840 654 70 726 648 357 706 129 263 843 85 145 496 47 599 640 728 515 54 433 401 833 239 516 938 621 583 809 441 306 977 178 685 22 751 311 198 451 768 405 20 206 652 496 662 414 698 843 502 895 353 376 303 912 553 847 646 82 426 200 573 440 152 626 124 42 420 621 704 80 234 235 964 654 596 405 84 67 424 10 419 462 30 586 575 916 925 357 161 332 477 667 65 168 129 429 266 380 613 519 924 579 816 73 435 238 913 366 418 482 932 3 370 476 885 107 120 278 296 925 8 896 420 956 985 163 465 574 418 251 486 259 16 176 821 162 385 564 517 602 724 332 797 906
912 847 327 2 713 452 351 650 708 259 827 747 529 666 875 312 5 680 993 181 656 69 233 344 196 632 567 767 724 985 310 505 79 452 821 813 478 707 144 459 864 863 25 717 475 158 335 382 299 127 781 177 145 110 846 227 960 354 257 61 667 466 526 222 132 181 5 582 271 624 822 137 549 893 89 952 388 29 802 232 207 803 14 696 482 884 486 934 900 374 427 403 900 608 960 588 180 848 862 151 515 119 440 58 225 307 753 886 848 723 480 939 334 795 147 488 904 900 880 955 764 5 724 163 973 228 890 55 201 359 848 938 384 880 554 210 385 930 147 575 809 721 657 467 139 924 942 792 983 420
193 659 182 224 821 697 998 4 458 164 448 32 415 212 97 177 687 323 289 356 943 213 214 758 305 582 1000 241 592 595 896 139 293 352 416 869 114 87 524 943 277 245 255 913 156 770 602 309 591 969 79 172 907 477 744 100 366 149 733 130 709 977 36 63 435 696 552 58 68 878 888 675 359 370 509 327 350 737 482 358 554 941 658 970 556 174 734 62 425 366 684 348 76 768 961 162 467 983 453 210 381 624 83 616 276 436 701 458 67 496 528 671 255 701 537 864 282 708 967 770 36 61 65 38 412 640 805 126 813 575 559 504 645 168 320 856 636 510 679 192 633 486 82 915 806 272 604 434 808 21
77 567 625 92 907 5 520 987 101 309 979 702 395 883 295 446 708 632 808 999 56 201 448 739 443 939 621 327 368 979 693 702 48 126 194 3 405 982 693 566 82 83 572 357 977 490 785 862 106 579 768 983 634 849 801 847 373 261 767 760 162 452 853 230 508 655 7 672 826 838 458 220 779 611 703 550 55 877 341 447 406 481 192 201 638 111 569 554 720 338 378 787 353 776 601 868 198 211 777 782 895 916 777 940 536 473 247 993 681 215 205 319 93 348 774 611 114 9 152 340 795 851 218 415 899 213 849 381 47 242 99 130 980 194 849 265 918 929 499 104 368 526 304 106 102 884 36 555 342 862
746 659 802 322 520 586 951 443 997 43 170 629 111 434 783 634 960 21 789 952 915 194 856 934 629 362 436 295 994 741 37 999 764 503 321 342 617 819 439 126 965 878 61 337 163 88 485 42 166 581 709 204 752 39 877 845 546 28 146 662 904 958 227 62 297 758 681 998 32 854 45 522 628 997 848 161 986 250 342 519 903 39 229 966 779 613 986 469 301 501 278 821 465 381 125 473 844 258 429 493 948 193 145 295 920 472 819 765 678 537 604 703 13 908 794 4 546 581 743 755 22 892 800 954 231 439 248 864 609 805 927 875 122 420 214 276 950 650 947 519 589 248 213 291 104 300 91 958 991 61
663 165 958 229 858 519 120 112 388 673 566 907 987 108 404 481 820 908 622 236 751 970 782 407 601 926 196 650 899 830 68 216 349 873 796 475 669 422 884 292 742 554 40 968 453 862 419 327 816 630 993 490 451 53 939 323 31 33 201 373 572 189 929 35 411 137 929 939 459 782 52 304 701 48 394 54 712 909 756 618 533 492 914 759 305 822 844 163 121 616 1000 112 411 866 927 90 372 595 423 393 22 90 606 983 168 843 945 149 998 377 181 249 824 436 628 817 620 152 729 39 819 470 621 603 623 808 11 653 372 584 28 522 661 879 466 91 927 830 847 430 153 121 371 87 473 90 126 549 415 879
516 806 381 466 381 429 220 646 180 495 925 247 65 494 439 538 662 36 55 641 392 553 867 690 65 252 658 876 211 249 91 148 420 482 332 236 740 166 528 793 694 275 159 473 442 752 586 441 196 226 283 407 636 108 394 299 427 867 506 807 201 595 181 119 323 293 414 578 484 116 724 828 61 710 876 653 929 15 420 113 24 881 716 1000 744 566 997 454 267 113 301 574 201 74 907 467 245 28 960 809 105 292 267 152 593 21 210 406 35 320 176 66 652 348 397 652 473 680 814 751 777 286 655 401 365 1 252 127 19 71 182 928 188 543 541 407 80 753 247 299 613 921 253 500 274 381 185 777 54 280
272 717 35 906 744 719 376 78 608 554 547 553 183 982 267 500 62 165 560 484 986 316 904 545 872 218 531 430 636 63 507 573 464 335 19 322 21 31 856 954 55 988 897 240 487 418 618 279 866 859 485 708 99 206 659 60 520 67 364 510 520 442 414 819 283 56 348 60 837 184 963 752 434 617 730 464 480 750 978 798 653 361 826 680 249 158 292 67 864 852 428 693 777 89 700 436 626 391 739 614 814 593 690 588 232 199 343 637 41 999 596 649 757 893 310 399 416 672 756 835 672 156 588 80 201 960 501 684 986 120 834 933 674 4 455 662 629 653 859 451 674 190 795 724 782 625 551 639 581 235
149 517 328 888 54 575 838 566 337 513 963 357 570 251 190 900 871 752 710 549 591 361 491 984 360 895 589 235 263 894 200 742 158 73 640 545 281 547 260 749 255 441 893 614 407 798 98 82 357 254 950 166 800 943 148 88 881 232 488 325 518 91 401 225 376 856 136 200 576 459 599 459 964 756 630 880 511 561 962 786 306 527 209 833 69 967 578 798 103 884 461 215 473 52 578 600 394 322 211 651 25 520 410 172 425 546 662 501 163 644 494 707 637 538 449 646 118 900 892 857 242 685 195 423 277 267 637 789 569 255 33 748 277 987 491 341 97 235 755 216 738 398 726 801 884 496 589 594 769 382
646 615 532 218 998 568 502 181 760 855 485 879 780 170 102 204 411 54 688 192 385 340 142 609 893 258 167 764 977 404 89 251 890 557 1 701 527 542 173 978 748 440 93 65 27 835 670 858 651 418 508 812 807 849 773 953 37 471 847 960 926 666 5 655 561 358 466 681 592 53 445 152 217 86 734 896 789 298 564 144 856 999 662 162 592 203 474 139 209 355 354 826 887 598 454 415 415 949 369 401 107 574 255 315 610 768 139 583 76 533 652 533 61 556 979 689 868 625 745 989 795 7 53 557 686 256 901 594 30 61 913 870 547 411 439 609 464 182 990 988 964 25 637 422 82 880 777 31 4 878
239 908 519 798 929 77 278 118 828 937 726 729 379 446 241 375 977 301 960 488 371 28 583 774 774 864 360 207 436 741 984 140 241 928 466 874 633 461 661 310 975 999 224 706 59 660 403 800 906 137 365 654 373 950 734 930 890 28 207 873 690 507 528 133 498 684 667 235 450 749 370 838 993 647 650 21 354 809 883 697 46 584 135 895 481 341 724 33 652 521 13 778 315 244 192 469 428 293 58 887 417 706 990 342 757 854 885 308 1000 683 76 778 446 806 13 495 975 335 831 734 669 652 470 897 572 852 673 254 282 4 372 141 283 120 972 455 458 967 504 67 6 478 233 196 661 825 43 35 529 439
688 822 324 664 200 100 695 799 198 706 145 945 720 19 297 491 659 78 610 955 622 921 348 654 741 671 745 329 265 120 796 1000 148 524 700 702 173 806 332 143 631 176 583 620 836 677 881 451 260 319 964 580 453 862 766 664 104 462 878 512 56 329 743 229 679 616 158 761 628 322 857 44 647 8 197 156 237 222 728 599 209 579 210 72 364 79 205 960 929 606 851 177 5 540 917 605 841 600 630 32 290 937 709 420 71 516 359 451 639 977 371 193 28 458 893 674 404 956 162 960 246 679 171 808 375 215 146 392 666 13 202 334 552 942 772 94 884 756 883 853 623 184 678 980 572 361 312 143 725 252
183 875 857 583 652 283 31 317 308 430 175 874 322 491 90 116 343 760 161 521 976 939 299 849 61 569 485 331 537 581 145 150 443 757 393 418 504 565 759 959 513 83 19 849 373 958 505 749 138 206 691 418 791 720 401 4 155 89 288 818 939 845 546 579 63 900 113 511 740 288 25 609 317 982 395 780 755 891 667 962 700 935 161 24 262 888 930 277 913 328 150 648 262 309 237 6 588 987 977 395 741 960 51 863 499 344 57 536 375 271 284 293 452 14 565 166 732 305 518 94 650 629 611 148 369 137 427 231 473 773 304 539 156 944 258 367 715 439 557 127 889 506 191 621 154 108 28 152 340 54
287 460 643 27 770 926 514 275 884 728 820 648 992 650 126 189 175 151 826 740 247 545 377 881 546 386 884 53 132 268 872 448 476 371 902 749 865 532 859 963 404 517 128 558 713 998 501 315 756 526 752 638 26 626 730 908 339 846 462 657 818 928 118 359 64 299 557 148 880 41 972 406 828 340 822 130 454 488 660 333 531 931 255 813 531 768 936 769 423 391 742 173 15 910 315 624 740 781 554 495 306 806 406 977 391 918 257 787 179 381 547 308 900 8 693 682 297 375 185 175 901 837 149 982 281 116 103 481 278 431 912 457 574 379 838 860 486 209 465 964 49 821 11 13 939 213 462 811 800 965
234 990 234 596 620 718 290 453 946 850 353 866 863 689 441 469 284 718 989 911 5 661 352 854 226 66 700 947 514 860 165 606 365 602 293 86 776 701 399 247 853 518 270 757 903 352 860 245 835 358 887 448 478 333 1000 694 246 37 420 411 710 4 275 585 98 383 917 240 849 9 289 586 726 713 206 625 863 349 348 407 733 88 936 142 447 772 510 22 570 587 297 734 279 150 905 602 612 322 637 821 747 182 902 523 757 929 262 851 440 921 665 365 943 547 153 894 310 964 17 450 358 473 790 631 513 436 351 231 691 799 144 99 864 684 464 584 403 494 438 967 74 746 177 109 544 529 962 716 335 88
527 254 272 204 22 937 384 336 952 1000 942 953 727 48 350 324 272 2 213 601 739 922 911 58 717 649 556 2 385 116 889 514 449 569 505 486 156 50 452 296 769 757 586 305 813 239 128 409 457 178 623 113 489 295 771 292 838 720 946 452 327 507 368 486 196 762 585 813 894 63 935 693 141 860 551 360 96 84 894 766 883 977 436 281 683 28 757 37 635 421 97 983 56 646 953 941 639 432 214 288 301 754 120 746 165 113 890 335 640 979 385 949 347 939 176 188 311 529 669 176 859 261 945 526 709 66 746 615 751 528 439 461 708 607 493 931 627 70 233 496 838 215 181 951 89 314 324 601 278 490
799 851 130 617 316 283 629 944 792 146 26 724 86 536 566 946 820 971 321 377 367 83 37 926 78 37 862 421 99 489 305 658 599 958 97 793 798 776 533 230 609 504 764 680 211 237 227 324 110 654 533 626 509 209 513 64 506 458 217 469 296 509 777 805 947 264 240 386 876 671 491 127 85 547 812 425 985 205 357 918 265 984 836 571 255 793 801 811 860 640 226 220 864 657 18 589 387 303 57 51 810 74 855 312 714 481 183 243 355 42 287 513 133 396 139 978 265 928 888 970 559 420 509 839 358 324 229 353 757 567 622 139 789 190 431 107 173 762 552 187 862 881 195 249 521 206 832 914 716 341
103 985 888 66 208 11 508 106 808 232 154 815 38 462 710 390 203 938 384 413 674 680 216 880 100 226 34 235 254 502 854 653 576 401 778 442 495 405 567 678 922 896 64 930 978 414 928 277 246 501 689 54 543 862 459 535 274 791 504 655 373 844 623 795 712 207 596 718 825 582 15 611 305 362 843 394 925 368 570 187 235 470 648 698 149 747 611 309 382 845 754 422 974 231 937 558 926 695 267 845 784 841 586 41 97 63 393 782 35 766 601 779 174 560 343 560 190 421 519 370 5 566 772 837 224 734 681 251 408 800 525 993 753 349 313 557 137 803 842 866 104 712 797 457 159 341 496 915 773 949
380 289 945 336 918 262 672 358 828 61 560 374 139 967 695 286 459 25 886 128 553 403 830 447 402 174 348 780 957 845 955 313 652 211 132 682 943 91 538 283 690 787 670 260 105 492 423 768 462 69 756 60 381 526 491 518 883 714 776 90 370 736 461 830 837 912 133 354 654 316 468 567 395 30 741 32 874 615 685 656 696 248 505 284 591 39 602 596 29 609 364 310 184 26 282 313 56 406 308 675 167 768 176 987 348 609 387 840 189 439 300 777 19 54 698 61 728 901 157 891 761 568 326 670 338 636 135 461 962 188 418 351 107 594 961 218 709 704 949 374 201 358 150 8 459 257 359 846 118 937
194 584 817 429 882 640 251 824 753 327 116 721 183 980 973 327 905 965 458 791 166 276 737 129 625 519 245 81 660 910 750 86 303 631 339 723 95 470 321 567 770 129 597 493 346 623 979 89 863 787 716 742 577 933 567 619 929 885 725 487 737 921 704 300 486 593 959 931 444 979 838 305 23 662 106 854 94 856 318 843 920 308 427 745 85 928 317 31 509 481 689 789 143 98 941 974 449 811 632 607 738 473 991 232 221 186 152 232 878 784 73 674 812 364 658 775 197 458 533 984 640 860 178 459 357 779 951 906 929 111 175 144 346 56 571 641 187 944 77 861 758 760 859 236 570 951 437 231 871 512
638 22 226 176 658 783 419 435 806 476 870 414 210 361 767 379 181 972 786 419 204 84 38 353 445 590 520 69 189 365 187 968 59 5 141 846 746 379 652 452 487 216 746 347 150 422 203 555 712 894 435 164 271 838 145 413 848 508 981 955 38 440 99 162 340 520 843 248 370 701 160 916 702 266 739 221 973 806 998 125 362 482 366 553 84 643 831 449 563 961 811 123 934 294 274 482 428 11 548 126 578 375 704 737 687 770 869 68 146 933 763 652 399 407 833 32 350 304 187 889 641 795 347 250 153 58 237 647 296 885 522 420 944 393 65 54 410 540 435 574 750 266 209 304 650 656 945 19 778 955
177 615 295 785 341 863 962 591 558 438 164 917 615 751 302 361 863 746 388 933 837 817 929 509 938 629 701 883 516 159 14 519 303 532 883 557 544 398 983 164 728 737 979 174 285 154 378 987 733 731 285 998 542 583 758 325 211 378 355 405 880 387 335 510 795 393 63 183 653 460 463 156 171 704 603 816 728 846 418 479 807 313 203 950 277 209 479 575 733 174 435 265 918 453 464 460 500 918 673 815 192 605 924 857 841 843 812 557 88 22 17 850 921 110 518 720 462 209 407 135 222 99 459 366 331 43 307 526 520 281 25 924 403 403 690 556 451 587 928 25 182 865 220 683 656 956 466 795 521 95
28 126 912 552 774 589 494 914 9 928 511 636 963 148 986 749 275 522 333 373 361 618 139 940 244 350 355 435 420 933 969 2 692 219 715 389 23 48 80 15 286 95 202 495 934 220 69 893 948 480 949 31 648 310 737 616 236 509 988 837 2 873 370 303 899 329 416 79 957 762 352 84 224 88 365 738 585 685 572 291 247 347 8 510 635 665 38 86 767 99 202 605 931 977 989 196 878 352 104 338 18 843 528 304 213 65 371 327 724 19 200 797 281 308 702 151 194 584 184 743 120 330 489 814 756 303 585 667 550 568 300 119 775 918 545 21 20 195 218 140 562 46 430 730 821 928 8 918 778 607
79 394 988 639 742 10 226 405 166 777 186 395 773 955 825 82 717 917 42 763 74 285 309 134 305 150 844 564 714 782 89 215 590 156 709 289 721 207 164 14 852 15 693 122 813 670 336 208 760 404 755 748 532 777 646 491 139 432 90 199 327 805 642 924 767 531 320 239 725 607 253 469 942 424 937 831 713 652 31 841 670 349 375 436 271 788 85 505 150 504 813 1000 351 496 469 89 457 823 345 452 819 697 794 994 544 123 646 952 776 312 852 858 329 226 699 775 931 533 159 908 735 272 70 601 371 219 656 260 975 357 322 303 970 513 292 738 445 666 897 75 318 829 358 44 707 155 374 939 471 665
987 475 646 293 601 507 42 942 78 627 85 22 178 301 95 205 341 175 70 564 309 93 980 991 71 801 267 450 344 952 256 876 579 271 699 676 678 335 285 820 341 159 91 730 391 106 748 692 896 256 895 998 210 712 282 225 727 374 620 46 874 364 957 510 265 545 322 623 264 945 323 638 921 869 691 610 155 992 604 899 489 583 123 178 312 938 33 595 250 839 474 987 957 317 210 944 796 762 267 263 251 737 685 219 304 37 368 793 305 649 872 500 490 798 860 359 202 813 310 36 36 8 870 956 952 987 859 618 179 716 500 877 968 756 558 777 196 335 61 253 153 627 300 672 656 844 425 406 686 844
80 495 334 64 357 918 122 919 747 145 505 3 411 429 407 818 350 330 123 379 901 486 621 521 498 186 33 414 446 25 305 495 183 265 186 68 654 412 68 657 948 109 841 714 258 994 66 75 154 164 277 597 685 475 539 23 954 572 586 262 866 327 1 390 619 942 5 402 993 808 734 371 973 601 35 334 338 859 360 987 896 399 474 648 405 69 681 739 36 884 26 441 356 610 971 147 208 4 247 858 522 200 338 52 969 506 1000 164 185 736 437 169 530 165 591 785 72 57 350 450 366 748 850 449 627 226 573 958 468 402 289 653 133 844 109 1000 274 602 448 924 476 58 397 627 272 299 200 349 385 29
512 987 303 597 397 405 743 20 443 107 881 303 565 824 622 674 775 910 746 260 897 73 140 649 897 26 446 346 371 711 826 240 181 533 575 285 371 405 588 654 718 141 514 622 748 590 869 674 863 221 232 488 184 986 42 850 569 187 315 9 796 959 645 77 879 113 614 323 7 188 986 940 252 308 972 375 856 658 412 752 151 91 677 138 570 862 327 638 831 394 508 767 986 740 868 550 581 722 768 644 651 907 66 482 679 512 259 23 294 56 458 815 125 631 551 154 990 777 854 178 943 61 889 968 819 562 938 798 601 734 559 855 957 806 728 98 550 182 337 406 983 362 77 325 501 887 809 354 977 792
335 726 828 596 825 399 52 47 418 316 70 540 16 538 813 594 681 845 56 544 919 644 900 902 879 123 99 22 754 913 753 675 797 177 907 73 254 562 193 486 335 108 912 583 86 1000 747 866 32 73 777 691 266 460 227 10 690 256 966 517 593 160 447 242 404 93 798 294 723 121 627 153 942 572 612 262 646 428 964 684 94 794 234 480 84 169 183 834 129 183 1000 906 852 945 651 179 238 854 329 448 674 828 169 993 494 780 565 976 710 702 452 415 299 375 579 472 289 544 613 349 863 2 521 759 782 784 706 556 320 106 721 358 687 161 448 282 772 562 598 241 307 45 647 630 647 812 37 464 849 384
177 485 88 167 298 666 853 414 868 638 935 194 533 908 748 556 856 129 643 92 947 803 555 77 348 693 48 757 418 883 809 874 915 726 328 504 713 360 679 301 313 616 698 799 561 325 367 297 434 28 817 123 993 201 303 535 685 791 127 304 371 929 828 445 630 904 852 722 261 496 582 529 331 133 488 731 78 673 414 795 780 208 617 82 905 445 734 876 795 570 260 188 911 471 82 211 680 166 733 692 186 627 114 861 591 192 853 669 741 260 185 967 294 967 973 352 551 321 589 989 734 658 951 518 894 520 844 506 264 943 952 252 113 918 406 499 71 375 979 232 698 39 182 158 265 969 14 517 805 228
252 620 21 556 414 269 478 33 107 291 938 979 224 238 966 151 662 992 981 796 850 39 340 332 354 739 35 402 789 524 878 5 201 721 567 770 424 646 569 7 765 578 722 644 986 69 214 216 179 441 765 815 677 69 61 945 991 667 673 973 272 632 433 960 371 812 39 344 233 265 859 998 708 637 814 381 321 174 162 656 218 209 500 393 858 831 110 414 105 386 660 625 804 803 717 571 195 761 464 548 940 232 337 338 953 389 94 545 145 162 216 790 394 274 90 848 20 641 851 586 887 880 400 361 575 528 494 869 112 38 338 59 691 54 662 732 978 171 530 605 620 969 914 217 609 427 131 576 67 403
227 3 156 93 574 524 572 488 959 684 513 536 588 571 278 137 203 248 418 656 371 401 701 966 386 354 792 737 780 89 951 308 702 249 482 334 259 578 760 420 509 804 972 733 468 668 947 958 962 946 550 640 835 339 428 59 117 169 889 313 485 305 244 404 423 990 853 97 498 327 654 71 218 518 230 488 19 337 741 678 760 689 504 715 529 886 820 423 936 871 511 245 580 908 188 514 853 483 978 973 77 744 262 664 420 399 804 941 213 282 55 644 758 689 707 620 824 13 686 461 928 816 693 499 6 909 834 409 144 423 993 228 655 394 863 158 706 820 100 114 678 396 339 907 674 152 74 822 269 860
231 271 856 564 498 504 547 929 769 136 702 62 211 470 317 931 243 405 574 733 773 763 771 371 579 112 965 693 394 245 977 416 991 627 556 833 315 272 411 373 254 477 321 295 324 985 672 326 92 417 550 787 232 70 334 529 492 256 188 369 10 931 298 776 427 90 872 962 301 807 575 516 784 148 271 164 642 926 573 9 742 643 42 143 207 8 253 812 524 999 907 745 793 680 467 666 171 948 18 365 994 388 720 750 329 444 781 723 500 353 381 28 350 842 978 261 190 123 282 598 627 700 968 183 617 215 567 732 275 171 296 94 383 339 563 872 292 544 36 885 402 937 214 322 616 781 411 955 924 446
85 983 73 433 989 605 586 859 55 154 395 22 647 790 765 658 457 70 158 878 804 989 243 360 646 699 286 397 919 773 872 750 3 223 225 657 830 770 553 836 733 335 852 67 29 223 552 829 882 702 103 385 381 543 748 325 277 120 84 33 895 812 89 623 17 173 449 202 66 246 414 903 427 465 499 941 702 964 249 245 744 589 918 343 690 653 366 361 333 228 503 239 787 462 152 621 543 397 882 354 196 342 888 248 477 223 748 984 119 695 911 699 991 180 156 686 546 561 272 171 221 600 500 235 884 604 943 123 418 70 754 411 886 824 664 62 746 308 616 997 919 969 602 337 354 614 195 369 552 419
101 839 56 360 760 716 434 757 684 20 163 699 468 825 233 659 934 260 213 863 54 450 311 908 992 788 757 155 763 937 864 255 69 589 318 478 418 769 606 399 788 60 555 738 749 708 503 588 17 885 524 716 449 755 290 208 303 303 112 745 82 413 293 155 537 934 806 56 794 458 684 262 105 787 674 373 261 465 255 224 717 778 943 354 533 252 576 270 69 979 428 519 428 962 446 370 115 944 391 874 163 81 595 98 655 133 697 729 588 624 601 245 229 848 856 223 16 372 802 212 153 889 564 228 440 770 778 611 221 756 8 985 263 233 119 664 691 889 279 117 456 927 716 110 956 866 968 700 921 507
962 62 892 935 443 666 149 743 805 336 468 355 843 242 2 504 70 821 84 557 538 108 894 505 930 708 898 298 104 630 280 851 922 900 964 8 804 944 289 455 593 166 692 170 560 862 975 579 426 778 302 908 203 67 751 71 317 971 645 267 394 991 542 12 687 914 976 696 965 243 452 940 913 876 421 221 776 566 83 44 834 46 902 6 874 977 426 522 219 416 492 317 423 450 715 997 132 404 283 664 484 173 610 946 523 403 465 420 872 656 82 408 166 425 865 159 228 624 62 554 599 661 226 265 52 179 322 450 550 536 207 276 960 411 557 998 271 781 106 356 750 322 681 942 431 390 738 525 842 701
958 286 608 286 449 306 158 865 509 744 145 302 39 136 376 848 662 875 314 138 516 730 732 465 798 643 607 132 832 424 260 696 696 812 501 29 319 754 789 491 115 990 445 309 605 239 490 26 687 146 319 655 615 215 803 12 248 394 927 152 13 94 238 279 817 83 727 642 74 290 640 119 149 104 84 18 676 356 527 734 205 115 146 142 971 360 472 902 189 952 700 159 139 729 728 325 955 341 597 375 781 892 778 285 675 651 243 47 46 676 738 36 315 135 415 462 104 628 206 21 421 675 693 222 583 500 164 612 115 227 538 618 179 31 393 463 997 499 448 621 659 894 219 606 580 147 308 98 652 952
396 338 936 468 423 112 289 85 156 934 853 878 845 621 156 457 503 342 246 97 880 805 573 190 41 121 883 627 866 405 970 162 538 359 47 438 602 281 400 577 643 903 983 9 684 384 480 682 439 610 722 954 917 601 754 446 503 445 892 210 193 360 526 339 466 193 181 792 820 628 885 96 925 348 539 577 284 765 279 965 274 983 249 202 814 937 571 476 957 761 795 127 462 814 200 181 824 833 641 773 626 997 160 850 609 977 503 473 820 359 544 961 650 69 8 776 235 253 892 361 7 441 572 386 677 924 935 858 376 668 586 656 836 936 963 840 81 577 734 917 996 879 194 955 607 29 7 867 523 565
148 545 325 76 246 662 998 818 516 260 35 281 143 246 187 683 741 700 904 609 327 287 305 13 742 369 83 897 993 177 827 386 994 897 117 662 773 877 160 543 315 934 798 902 449 331 69 132 130 865 653 617 87 374 564 628 184 584 446 462 784 698 938 268 98 33 971 780 472 916 771 520 134 496 303 9 663 852 962 274 62 399 431 923 746 220 367 618 634 385 404 625 995 953 42 514 536 855 278 349 533 347 133 849 999 605 382 511 440 284 870 580 14 990 578 498 383 978 51 718 126 844 434 280 73 492 131 434 826 978 635 412 830 789 595 958 395 265 939 985 193 939 979 789 994 359 941 64 17 772
353 774 617 643 916 318 241 21 348 491 234 636 476 484 87 601 121 216 992 176 580 950 611 163 306 430 915 168 618 271 421 481 94 113 261 419 447 940 71 349 313 593 969 138 49 75 300 152 738 6 726 409 444 877 108 955 797 715 143 956 809 228 244 173 343 947 774 499 248 408 796 373 414 154 597 508 106 213 155 971 812 952 664 861 560 741 282 948 733 39 52 560 312 959 2 700 662 674 258 718 593 124 32 621 1000 623 652 613 781 54 750 677 723 65 896 265 560 516 288 716 292 375 405 703 21 987 535 754 58 811 793 298 677 135 633 118 888 680 368 361 220 929 757 128 681 976 415 279 41 676
286 954 68 590 221 204 922 855 134 249 635 694 45 613 775 915 208 480 233 216 555 228 174 863 385 506 653 193 310 196 261 122 996 563 13 888 6 211 313 817 860 397 100 484 569 998 664 72 221 13 105 55 118 299 838 539 162 526 928 399 90 266 373 980 133 32 781 212 259 598 549 244 216 720 727 508 722 287 111 386 690 726 838 938 952 426 208 606 634 409 484 828 819 745 294 349 787 546 549 358 737 870 951 961 397 808 348 439 987 158 933 444 270 490 505 83 389 688 529 247 585 850 670 540 952 192 238 593 942 163 586 322 132 601 824 776 543 328 486 515 47 363 761 104 736 849 960 452 387 213
783 56 351 860 375 593 495 384 328 838 214 35 788 122 463 677 382 863 582 287 144 322 305 602 74 447 921 804 673 676 275 793 125 228 118 908 986 170 292 730 710 378 153 785 637 794 601 343 671 927 740 259 364 187 310 477 966 329 143 590 239 647 912 788 687 265 121 650 328 362 93 399 359 216 817 360 681 522 183 414 365 71 142 664 658 560 604 60 446 443 202 980 247 745 786 473 173 386 40 980 117 160 358 993 340 505 854 305 57 125 214 692 359 809 176 184 172 63 852 115 612 523 960 656 271 583 422 820 654 701 478 900 182 890 768 784 870 731 598 562 263 902 789 489 468 752 396 858 196 372
680 746 49 375 242 747 837 856 752 196 352 569 567 564 114 660 818 598 15 454 869 188 400 900 106 522 531 669 305 248 692 831 333 309 636 804 12 309 19 529 789 509 200 492 45 571 73 292 229 381 713 994 791 720 360 713 360 955 747 280 663 104 10 683 856 57 186 584 514 858 673 609 210 29 327 18 215 248 497 732 965 859 541 70 413 427 258 729 997 171 489 23 679 748 7 779 317 209 60 227 829 268 759 350 88 735 143 729 47 968 690 827 557 287 635 484 553 793 43 877 516 874 999 384 902 440 784 563 528 910 882 199 112 403 591 796 743 395 974 36 326 140 947 13 403 108 331 498 427 24
884 384 886 896 534 444 793 681 247 900 526 257 95 828 141 853 167 62 574 865 952 295 674 762 442 762 390 890 925 98 467 934 164 390 791 872 891 806 485 538 492 850 193 533 228 916 552 584 721 61 809 436 550 506 589 552 398 739 376 479 763 798 888 394 82 516 558 117 612 563 140 681 277 228 35 235 828 37 393 158 797 798 699 224 963 567 803 131 730 794 271 967 947 13 196 95 53 699 992 733 547 347 548 848 533 490 44 4 455 943 662 610 846 270 978 361 164 312 15 380 720 563 236 72 926 503 333 522 612 640 986 727 179 682 248 747 429 316 538 363 697 988 923 504 362 9 677 538 331 750
458 674 383 947 346 708 815 240 128 297 920 278 757 763 30 999 715 853 157 578 760 806 803 924 600 264 210 248 984 307 757 915 174 824 860 506 41 763 156 400 180 239 953 967 556 294 775 903 234 432 536 173 868 710 150 86 160 981 98 582 268 172 696 977 979 135 449 491 779 487 68 878 625 915 967 564 155 453 71 341 38 19 270 589 915 515 768 658 997 907 923 606 360 576 377 307 634 335 839 44 720 497 744 261 179 389 119 871 832 412 943 518 561 465 349 336 954 627 859 221 204 959 253 172 918 943 567 291 166 512 122 363 127 714 142 787 783 668 189 96 376 115 48 534 128 717 418 537 338 234
976 44 733 148 592 902 499 96 416 934 648 348 860 776 894 55 20 415 479 422 297 935 566 350 388 109 273 943 700 466 149 61 609 237 289 710 298 812 814 99 658 738 318 445 166 770 362 936 714 328 976 250 443 803 181 222 569 369 620 777 581 111 990 994 592 605 840 7 912 916 17 12 765 784 122 315 306 675 578 943 620 388 320 312 686 576 668 828 483 244 585 617 182 208 360 212 242 727 299 551 988 950 424 324 584 221 525 461 75 847 476 794 767 116 582 299 646 805 645 975 389 257 595 226 484 674 276 348 778 321 483 763 444 580 85 210 122 898 361 566 710 915 338 247 430 453 363 602 590 180
686 735 722 943 809 351 728 864 263 826 803 839 383 518 657 189 491 124 116 521 37 33 924 704 736 184 149 896 360 247 357 631 452 562 879 41 459 408 316 879 787 398 969 777 39 171 164 542 757 431 32 199 236 187 744 996 625 144 584 970 209 455 253 371 928 956 106 150 639 518 51 4 368 402 885 124 698 228 355 750 27 401 78 312 620 269 295 81 555 405 341 757 506 62 34 392 771 625 656 906 125 485 905 37 975 67 190 843 717 794 929 239 62 476 632 36 728 418 47 642 248 209 741 82 246 580 322 347 186 643 651 83 264 608 235 687 142 448 652 821 258 573 517 487 56 163 160 143 285 504
69 260 13 103 877 696 677 988 507 99 317 210 532 833 68 457 965 521 110 985 587 358 493 150 589 972 569 182 573 964 928 185 125 435 800 648 916 220 619 884 88 904 748 248 713 466 436 320 30 231 203 234 31 634 646 617 402 26 404 899 862 126 482 681 36 299 534 152 317 743 251 131 688 449 224 199 639 603 366 868 289 816 158 202 573 428 424 993 613 845 187 192 876 936 734 823 520 466 391 540 227 462 51 970 986 235 342 226 544 31 721 919 141 101 22 854 343 828 811 353 285 231 781 668 390 531 877 517 720 186 511 292 963 164 138 624 986 420 849 483 138 346 56 398 265 348 49 165 447 854
765 86 68 960 455 828 310 112 794 990 337 950 922 598 174 63 228 483 392 154 151 553 970 455 684 568 396 47 694 294 25 117 56 355 38 991 122 51 810 338 622 619 756 698 507 13 88 858 354 674 886 490 879 994 191 819 31 908 622 488 265 481 214 743 393 106 996 619 974 833 108 920 476 247 533 134 486 516 633 456 446 689 981 400 510 451 545 796 344 85 188 318 962 978 850 974 532 433 413 286 929 283 638 734 936 873 157 57 359 883 61 665 827 362 243 937 730 204 533 990 931 978 118 804 794 903 517 731 620 527 439 618 940 693 912 330 832 382 10 577 340 358 384 613 203 988 799 3 709 277
260 864 682 312 436 399 10 245 205 273 656 619 512 212 189 382 324 365 751 706 210 470 261 131 65 203 932 642 418 818 287 921 853 508 12 113 755 720 32 195 434 566 966 675 730 142 975 724 79 24 509 918 482 810 694 171 460 805 14 8 848 144 561 315 123 324 737 568 701 477 602 116 874 497 825 85 213 450 2 118 991 927 841 705 941 865 901 82 84 838 417 516 642 844 559 307 285 716 345 374 672 849 944 78 357 871 949 927 787 708 967 707 187 391 450 526 850 722 180 652 455 211 152 375 304 741 517 727 270 387 850 718 754 461 191 977 839 517 804 142 238 160 142 659 822 269 63 583 553 186
311 564 390 451 194 860 343 701 295 144 5 494 595 87 397 235 272 643 255 109 628 442 822 166 338 916 587 593 563 642 958 143 542 537 30 333 18 25 609 333 962 42 210 237 355 711 956 435 907 545 208 316 746 636 307 156 554 296 862 923 13 796 333 156 468 537 963 932 540 304 396 822 826 411 384 433 762 491 610 722 112 131 659 757 931 590 29 193 161 297 763 518 689 157 814 39 611 142 72 445 615 793 467 385 819 90 47 251 281 703 778 906 794 612 136 409 395 344 479 246 958 591 274 790 217 363 408 729 947 554 257 156 839 339 699 95 44 794 733 193 608 327 565 735 655 52 569 712 302 115
618 59 67 895 972 836 55 798 104 485 390 154 423 818 294 52 239 37 410 539 296 4 371 608 386 226 235 65 995 914 849 915 434 380 514 328 845 806 572 448 98 414 69 751 686 494 320 361 627 508 353 117 366 524 438 267 931 532 622 404 111 315 792 766 419 306 502 256 866 590 781 978 219 601 993 183 864 718 859 911 445 466 206 591 613 756 258 94 478 295 854 125 463 384 924 997 813 175 532 214 82 234 3 287 294 625 614 465 215 745 624 156 397 651 928 989 500 630 276 991 552 489 471 177 957 850 571 408 582 468 82 279 637 597 814 550 518 388 174 448 851 17 823 698 184 376 373 661 788 510
933 136 27 163 938 594 628 637 159 73 493 497 809 629 989 824 665 244 944 70 370 82 104 396 841 225 33 860 412 9 126 927 320 835 223 117 557 171 806 919 575 805 712 732 796 636 541 890 165 148 95 482 111 204 371 522 485 522 417 673 922 551 943 636 822 960 811 359 744 864 678 651 228 150 357 211 461 178 650 452 351 289 312 601 271 690 588 847 760 23 356 795 588 466 545 647 941 538 342 285 157 329 896 314 349 330 949 628 143 483 379 575 948 195 866 606 148 963 572 267 971 479 235 116 83 338 918 192 423 341 746 450 968 789 629 180 102 811 476 913 399 366 302 331 813 370 526 641 142 427
208 643 657 100 219 750 13 999 423 400 206 119 984 649 399 568 736 715 559 847 478 369 651 6 568 485 541 646 582 354 799 57 541 701 656 408 290 917 70 395 522 497 747 166 778 435 626 985 701 128 794 346 779 366 623 879 732 426 103 466 764 152 499 671 162 864 625 943 604 810 640 663 665 693 261 988 964 230 850 144 476 451 426 930 390 222 401 739 16 191 458 374 611 195 322 109 936 437 179 855 586 251 900 546 353 537 16 617 20 660 591 935 9 351 85 976 731 225 496 778 614 595 760 723 291 940 437 597 543 176 567 43 240 773 23 319 481 236 427 768 420 106 593 626 682 610 496 980 975 126
